938,675
9.379804e+02,6.750196e+02
9.379608e+02,6.750392e+02
9.379412e+02,6.750588e+02
9.379216e+02,6.750784e+02
9.379020e+02,6.750980e+02
9.378824e+02,6.751176e+02
9.378628e+02,6.751372e+02
9.378432e+02,6.751568e+02
9.378236e+02,6.751764e+02
9.378040e+02,6.751960e+02
9.377844e+02,6.752156e+02
9.377648e+02,6.752352e+02
9.377451e+02,6.752549e+02
9.377255e+02,6.752745e+02
9.377059e+02,6.752941e+02
9.376863e+02,6.753137e+02
9.376667e+02,6.753333e+02
9.376471e+02,6.753529e+02
9.376275e+02,6.753725e+02
9.376079e+02,6.753921e+02
9.375883e+02,6.754117e+02
9.375687e+02,6.754313e+02
9.375491e+02,6.754509e+02
9.375295e+02,6.754705e+02
9.375099e+02,6.754901e+02
9.374903e+02,6.755097e+02
9.374707e+02,6.755293e+02
9.374511e+02,6.755489e+02
9.374315e+02,6.755685e+02
9.374119e+02,6.755881e+02
9.373923e+02,6.756077e+02
9.373727e+02,6.756273e+02
9.373531e+02,6.756469e+02
9.373335e+02,6.756665e+02
9.373139e+02,6.756861e+02
9.372943e+02,6.757057e+02
9.372747e+02,6.757253e+02
9.372551e+02,6.757449e+02
9.372354e+02,6.757646e+02
9.372158e+02,6.757842e+02
9.371962e+02,6.758038e+02
9.371766e+02,6.758234e+02
9.371570e+02,6.758430e+02
9.371374e+02,6.758626e+02
9.371178e+02,6.758822e+02
9.370982e+02,6.759018e+02
9.370786e+02,6.759214e+02
9.370590e+02,6.759410e+02
9.370394e+02,6.759606e+02
9.370198e+02,6.759802e+02
9.370002e+02,6.759998e+02
937,6.760194e+02
937,6.760390e+02
937,6.760586e+02
937,6.760782e+02
937,6.760978e+02
937,6.761174e+02
937,6.761370e+02
937,6.761566e+02
937,6.761762e+02
937,6.761958e+02
937,6.762154e+02
937,6.762350e+02
937,6.762547e+02
937,6.762743e+02
937,6.762939e+02
937,6.763135e+02
937,6.763331e+02
937,6.763527e+02
937,6.763723e+02
937,6.763919e+02
937,6.764115e+02
937,6.764311e+02
937,6.764507e+02
937,6.764703e+02
937,6.764899e+02
937,6.765095e+02
937,6.765291e+02
937,6.765487e+02
937,6.765683e+02
937,6.765879e+02
937,6.766075e+02
937,6.766271e+02
937,6.766467e+02
937,6.766663e+02
937,6.766859e+02
937,6.767055e+02
937,6.767251e+02
937,6.767447e+02
937,6.767644e+02
937,6.767840e+02
937,6.768036e+02
937,6.768232e+02
937,6.768428e+02
937,6.768624e+02
937,6.768820e+02
937,6.769016e+02
937,6.769212e+02
937,6.769408e+02
937,6.769604e+02
937,6.769800e+02
937,6.769996e+02
937,6.770192e+02
937,6.770388e+02
937,6.770584e+02
937,6.770780e+02
937,6.770976e+02
937,6.771172e+02
937,6.771368e+02
937,6.771564e+02
937,6.771760e+02
937,6.771956e+02
937,6.772152e+02
937,6.772348e+02
937,6.772545e+02
937,6.772741e+02
937,6.772937e+02
937,6.773133e+02
937,6.773329e+02
937,6.773525e+02
937,6.773721e+02
937,6.773917e+02
937,6.774113e+02
937,6.774309e+02
937,6.774505e+02
937,6.774701e+02
937,6.774897e+02
937,6.775093e+02
937,6.775289e+02
937,6.775485e+02
937,6.775681e+02
937,6.775877e+02
937,6.776073e+02
937,6.776269e+02
937,6.776465e+02
937,6.776661e+02
937,6.776857e+02
937,6.777053e+02
937,6.777249e+02
937,6.777445e+02
937,6.777642e+02
937,6.777838e+02
937,6.778034e+02
937,6.778230e+02
937,6.778426e+02
937,6.778622e+02
937,6.778818e+02
937,6.779014e+02
937,6.779210e+02
937,6.779406e+02
937,6.779602e+02
937,6.779798e+02
937,6.779994e+02
937,6.780190e+02
937,6.780386e+02
937,6.780582e+02
937,6.780778e+02
937,6.780974e+02
937,6.781170e+02
937,6.781366e+02
937,6.781562e+02
937,6.781758e+02
937,6.781954e+02
937,6.782150e+02
937,6.782346e+02
937,6.782543e+02
937,6.782739e+02
937,6.782935e+02
937,6.783131e+02
937,6.783327e+02
937,6.783523e+02
937,6.783719e+02
937,6.783915e+02
937,6.784111e+02
937,6.784307e+02
937,6.784503e+02
937,6.784699e+02
937,6.784895e+02
937,6.785091e+02
937,6.785287e+02
937,6.785483e+02
937,6.785679e+02
937,6.785875e+02
937,6.786071e+02
937,6.786267e+02
937,6.786463e+02
937,6.786659e+02
937,6.786855e+02
937,6.787051e+02
937,6.787247e+02
937,6.787443e+02
937,6.787640e+02
937,6.787836e+02
937,6.788032e+02
937,6.788228e+02
937,6.788424e+02
937,6.788620e+02
937,6.788816e+02
937,6.789012e+02
937,6.789208e+02
937,6.789404e+02
937,6.789600e+02
937,6.789796e+02
937,6.789992e+02
937,6.790188e+02
937,6.790384e+02
937,6.790580e+02
937,6.790776e+02
937,6.790972e+02
937,6.791168e+02
937,6.791364e+02
937,6.791560e+02
937,6.791756e+02
937,6.791952e+02
937,6.792148e+02
937,6.792344e+02
937,6.792541e+02
937,6.792737e+02
937,6.792933e+02
937,6.793129e+02
937,6.793325e+02
937,6.793521e+02
937,6.793717e+02
937,6.793913e+02
937,6.794109e+02
937,6.794305e+02
937,6.794501e+02
937,6.794697e+02
937,6.794893e+02
937,6.795089e+02
937,6.795285e+02
937,6.795481e+02
937,6.795677e+02
937,6.795873e+02
937,6.796069e+02
937,6.796265e+02
937,6.796461e+02
937,6.796657e+02
937,6.796853e+02
937,6.797049e+02
937,6.797245e+02
937,6.797441e+02
937,6.797638e+02
937,6.797834e+02
937,6.798030e+02
937,6.798226e+02
937,6.798422e+02
937,6.798618e+02
937,6.798814e+02
937,6.799010e+02
937,6.799206e+02
937,6.799402e+02
937,6.799598e+02
937,6.799794e+02
937,6.799990e+02
9.370186e+02,6.800186e+02
9.370382e+02,6.800382e+02
9.370578e+02,6.800578e+02
9.370774e+02,6.800774e+02
9.370970e+02,6.800970e+02
9.371166e+02,6.801166e+02
9.371362e+02,6.801362e+02
9.371558e+02,6.801558e+02
9.371754e+02,6.801754e+02
9.371950e+02,6.801950e+02
9.372146e+02,6.802146e+02
9.372342e+02,6.802342e+02
9.372539e+02,6.802539e+02
9.372735e+02,6.802735e+02
9.372931e+02,6.802931e+02
9.373127e+02,6.803127e+02
9.373323e+02,6.803323e+02
9.373519e+02,6.803519e+02
9.373715e+02,6.803715e+02
9.373911e+02,6.803911e+02
9.374107e+02,6.804107e+02
9.374303e+02,6.804303e+02
9.374499e+02,6.804499e+02
9.374695e+02,6.804695e+02
9.374891e+02,6.804891e+02
9.375087e+02,6.805087e+02
9.375283e+02,6.805283e+02
9.375479e+02,6.805479e+02
9.375675e+02,6.805675e+02
9.375871e+02,6.805871e+02
9.376067e+02,6.806067e+02
9.376263e+02,6.806263e+02
9.376459e+02,6.806459e+02
9.376655e+02,6.806655e+02
9.376851e+02,6.806851e+02
9.377047e+02,6.807047e+02
9.377243e+02,6.807243e+02
9.377439e+02,6.807439e+02
9.377636e+02,6.807636e+02
9.377832e+02,6.807832e+02
9.378028e+02,6.808028e+02
9.378224e+02,6.808224e+02
9.378420e+02,6.808420e+02
9.378616e+02,6.808616e+02
9.378812e+02,6.808812e+02
9.379008e+02,6.809008e+02
9.379204e+02,6.809204e+02
9.379400e+02,6.809400e+02
9.379596e+02,6.809596e+02
9.379792e+02,6.809792e+02
9.379988e+02,6.809988e+02
9.380184e+02,6.810184e+02
9.380380e+02,6.810380e+02
9.380576e+02,6.810576e+02
9.380772e+02,6.810772e+02
9.380968e+02,6.810968e+02
9.381164e+02,6.811164e+02
9.381360e+02,6.811360e+02
9.381556e+02,6.811556e+02
9.381752e+02,6.811752e+02
9.381948e+02,6.811948e+02
9.382144e+02,6.812144e+02
9.382340e+02,6.812340e+02
9.382537e+02,6.812537e+02
9.382733e+02,6.812733e+02
9.382929e+02,6.812929e+02
9.383125e+02,6.813125e+02
9.383321e+02,6.813321e+02
9.383517e+02,6.813517e+02
9.383713e+02,6.813713e+02
9.383909e+02,6.813909e+02
9.384105e+02,6.814105e+02
9.384301e+02,6.814301e+02
9.384497e+02,6.814497e+02
9.384693e+02,6.814693e+02
9.384889e+02,6.814889e+02
9.385085e+02,6.815085e+02
9.385281e+02,6.815281e+02
9.385477e+02,6.815477e+02
9.385673e+02,6.815673e+02
9.385869e+02,6.815869e+02
9.386065e+02,6.816065e+02
9.386261e+02,6.816261e+02
9.386457e+02,6.816457e+02
9.386653e+02,6.816653e+02
9.386849e+02,6.816849e+02
9.387045e+02,6.817045e+02
9.387241e+02,6.817241e+02
9.387437e+02,6.817437e+02
9.387634e+02,6.817634e+02
9.387830e+02,6.817830e+02
9.388026e+02,6.818026e+02
9.388222e+02,6.818222e+02
9.388418e+02,6.818418e+02
9.388614e+02,6.818614e+02
9.388810e+02,6.818810e+02
9.389006e+02,6.819006e+02
9.389202e+02,6.819202e+02
9.389398e+02,6.819398e+02
9.389594e+02,6.819594e+02
9.389790e+02,6.819790e+02
9.389986e+02,6.819986e+02
9.390182e+02,6.820182e+02
9.390378e+02,6.820378e+02
9.390574e+02,6.820574e+02
9.390770e+02,6.820770e+02
9.390966e+02,6.820966e+02
9.391162e+02,6.821162e+02
9.391358e+02,6.821358e+02
9.391554e+02,6.821554e+02
9.391750e+02,6.821750e+02
9.391946e+02,6.821946e+02
9.392142e+02,6.822142e+02
9.392338e+02,6.822338e+02
9.392535e+02,6.822535e+02
9.392731e+02,6.822731e+02
9.392927e+02,6.822927e+02
9.393123e+02,6.823123e+02
9.393319e+02,6.823319e+02
9.393515e+02,6.823515e+02
9.393711e+02,6.823711e+02
9.393907e+02,6.823907e+02
9.394103e+02,6.824103e+02
9.394299e+02,6.824299e+02
9.394495e+02,6.824495e+02
9.394691e+02,6.824691e+02
9.394887e+02,6.824887e+02
9.395083e+02,6.825083e+02
9.395279e+02,6.825279e+02
9.395475e+02,6.825475e+02
9.395671e+02,6.825671e+02
9.395867e+02,6.825867e+02
9.396063e+02,6.826063e+02
9.396259e+02,6.826259e+02
9.396455e+02,6.826455e+02
9.396651e+02,6.826651e+02
9.396847e+02,6.826847e+02
9.397043e+02,6.827043e+02
9.397239e+02,6.827239e+02
9.397435e+02,6.827435e+02
9.397632e+02,6.827632e+02
9.397828e+02,6.827828e+02
9.398024e+02,6.828024e+02
9.398220e+02,6.828220e+02
9.398416e+02,6.828416e+02
9.398612e+02,6.828612e+02
9.398808e+02,6.828808e+02
9.399004e+02,6.829004e+02
9.399200e+02,6.829200e+02
9.399396e+02,6.829396e+02
9.399592e+02,6.829592e+02
9.399788e+02,6.829788e+02
9.399984e+02,6.829984e+02
940,6.830180e+02
940,6.830376e+02
940,6.830572e+02
940,6.830768e+02
940,6.830964e+02
940,6.831160e+02
940,6.831356e+02
940,6.831552e+02
940,6.831748e+02
940,6.831944e+02
940,6.832140e+02
940,6.832336e+02
940,6.832533e+02
940,6.832729e+02
940,6.832925e+02
940,6.833121e+02
940,6.833317e+02
940,6.833513e+02
940,6.833709e+02
940,6.833905e+02
940,6.834101e+02
940,6.834297e+02
940,6.834493e+02
940,6.834689e+02
940,6.834885e+02
940,6.835081e+02
940,6.835277e+02
940,6.835473e+02
940,6.835669e+02
940,6.835865e+02
940,6.836061e+02
940,6.836257e+02
940,6.836453e+02
940,6.836649e+02
940,6.836845e+02
940,6.837041e+02
940,6.837237e+02
940,6.837433e+02
940,6.837630e+02
940,6.837826e+02
940,6.838022e+02
940,6.838218e+02
940,6.838414e+02
940,6.838610e+02
940,6.838806e+02
940,6.839002e+02
940,6.839198e+02
940,6.839394e+02
940,6.839590e+02
940,6.839786e+02
940,6.839982e+02
9.400178e+02,6.840178e+02
9.400374e+02,6.840374e+02
9.400570e+02,6.840570e+02
9.400766e+02,6.840766e+02
9.400962e+02,6.840962e+02
9.401158e+02,6.841158e+02
9.401354e+02,6.841354e+02
9.401550e+02,6.841550e+02
9.401746e+02,6.841746e+02
9.401942e+02,6.841942e+02
9.402138e+02,6.842138e+02
9.402334e+02,6.842334e+02
9.402531e+02,6.842531e+02
9.402727e+02,6.842727e+02
9.402923e+02,6.842923e+02
9.403119e+02,6.843119e+02
9.403315e+02,6.843315e+02
9.403511e+02,6.843511e+02
9.403707e+02,6.843707e+02
9.403903e+02,6.843903e+02
9.404099e+02,6.844099e+02
9.404295e+02,6.844295e+02
9.404491e+02,6.844491e+02
9.404687e+02,6.844687e+02
9.404883e+02,6.844883e+02
9.405079e+02,6.845079e+02
9.405275e+02,6.845275e+02
9.405471e+02,6.845471e+02
9.405667e+02,6.845667e+02
9.405863e+02,6.845863e+02
9.406059e+02,6.846059e+02
9.406255e+02,6.846255e+02
9.406451e+02,6.846451e+02
9.406647e+02,6.846647e+02
9.406843e+02,6.846843e+02
9.407039e+02,6.847039e+02
9.407235e+02,6.847235e+02
9.407431e+02,6.847431e+02
9.407628e+02,6.847628e+02
9.407824e+02,6.847824e+02
9.408020e+02,6.848020e+02
9.408216e+02,6.848216e+02
9.408412e+02,6.848412e+02
9.408608e+02,6.848608e+02
9.408804e+02,6.848804e+02
9.409000e+02,6.849000e+02
9.409196e+02,6.849196e+02
9.409392e+02,6.849392e+02
9.409588e+02,6.849588e+02
9.409784e+02,6.849784e+02
9.409980e+02,6.849980e+02
9.410176e+02,6.850176e+02
9.410372e+02,6.850372e+02
9.410568e+02,6.850568e+02
9.410764e+02,6.850764e+02
9.410960e+02,6.850960e+02
9.411156e+02,6.851156e+02
9.411352e+02,6.851352e+02
9.411548e+02,6.851548e+02
9.411744e+02,6.851744e+02
9.411940e+02,6.851940e+02
9.412136e+02,6.852136e+02
9.412332e+02,6.852332e+02
9.412529e+02,6.852529e+02
9.412725e+02,6.852725e+02
9.412921e+02,6.852921e+02
9.413117e+02,6.853117e+02
9.413313e+02,6.853313e+02
9.413509e+02,6.853509e+02
9.413705e+02,6.853705e+02
9.413901e+02,6.853901e+02
9.414097e+02,6.854097e+02
9.414293e+02,6.854293e+02
9.414489e+02,6.854489e+02
9.414685e+02,6.854685e+02
9.414881e+02,6.854881e+02
9.415077e+02,6.855077e+02
9.415273e+02,6.855273e+02
9.415469e+02,6.855469e+02
9.415665e+02,6.855665e+02
9.415861e+02,6.855861e+02
9.416057e+02,6.856057e+02
9.416253e+02,6.856253e+02
9.416449e+02,6.856449e+02
9.416645e+02,6.856645e+02
9.416841e+02,6.856841e+02
9.417037e+02,6.857037e+02
9.417233e+02,6.857233e+02
9.417429e+02,6.857429e+02
9.417626e+02,6.857626e+02
9.417822e+02,6.857822e+02
9.418018e+02,6.858018e+02
9.418214e+02,6.858214e+02
9.418410e+02,6.858410e+02
9.418606e+02,6.858606e+02
9.418802e+02,6.858802e+02
9.418998e+02,6.858998e+02
9.419194e+02,6.859194e+02
9.419390e+02,6.859390e+02
9.419586e+02,6.859586e+02
9.419782e+02,6.859782e+02
9.419978e+02,6.859978e+02
9.420174e+02,686
9.420370e+02,686
9.420566e+02,686
9.420762e+02,686
9.420958e+02,686
9.421154e+02,686
9.421350e+02,686
9.421546e+02,686
9.421742e+02,686
9.421938e+02,686
9.422134e+02,686
9.422330e+02,686
9.422527e+02,686
9.422723e+02,686
9.422919e+02,686
9.423115e+02,686
9.423311e+02,686
9.423507e+02,686
9.423703e+02,686
9.423899e+02,686
9.424095e+02,686
9.424291e+02,686
9.424487e+02,686
9.424683e+02,686
9.424879e+02,686
9.425075e+02,686
9.425271e+02,686
9.425467e+02,686
9.425663e+02,686
9.425859e+02,686
9.426055e+02,686
9.426251e+02,686
9.426447e+02,686
9.426643e+02,686
9.426839e+02,686
9.427035e+02,686
9.427231e+02,686
9.427427e+02,686
9.427624e+02,686
9.427820e+02,686
9.428016e+02,686
9.428212e+02,686
9.428408e+02,686
9.428604e+02,686
9.428800e+02,686
9.428996e+02,686
9.429192e+02,686
9.429388e+02,686
9.429584e+02,686
9.429780e+02,686
9.429976e+02,686
9.430172e+02,686
9.430368e+02,686
9.430564e+02,686
9.430760e+02,686
9.430956e+02,686
9.431152e+02,686
9.431348e+02,686
9.431544e+02,686
9.431740e+02,686
9.431936e+02,686
9.432132e+02,686
9.432328e+02,686
9.432525e+02,686
9.432721e+02,686
9.432917e+02,686
9.433113e+02,686
9.433309e+02,686
9.433505e+02,686
9.433701e+02,686
9.433897e+02,686
9.434093e+02,686
9.434289e+02,686
9.434485e+02,686
9.434681e+02,686
9.434877e+02,686
9.435073e+02,686
9.435269e+02,686
9.435465e+02,686
9.435661e+02,686
9.435857e+02,686
9.436053e+02,686
9.436249e+02,686
9.436445e+02,686
9.436641e+02,686
9.436837e+02,686
9.437033e+02,686
9.437229e+02,686
9.437425e+02,686
9.437622e+02,686
9.437818e+02,686
9.438014e+02,686
9.438210e+02,686
9.438406e+02,686
9.438602e+02,686
9.438798e+02,686
9.438994e+02,686
9.439190e+02,686
9.439386e+02,686
9.439582e+02,686
9.439778e+02,686
9.439974e+02,686
9.440170e+02,686
9.440366e+02,686
9.440562e+02,686
9.440758e+02,686
9.440954e+02,686
9.441150e+02,686
9.441346e+02,686
9.441542e+02,686
9.441738e+02,686
9.441934e+02,686
9.442130e+02,686
9.442326e+02,686
9.442523e+02,686
9.442719e+02,686
9.442915e+02,686
9.443111e+02,686
9.443307e+02,686
9.443503e+02,686
9.443699e+02,686
9.443895e+02,686
9.444091e+02,686
9.444287e+02,686
9.444483e+02,686
9.444679e+02,686
9.444875e+02,686
9.445071e+02,686
9.445267e+02,686
9.445463e+02,686
9.445659e+02,686
9.445855e+02,686
9.446051e+02,686
9.446247e+02,686
9.446443e+02,686
9.446639e+02,686
9.446835e+02,686
9.447031e+02,686
9.447227e+02,686
9.447423e+02,686
9.447620e+02,686
9.447816e+02,686
9.448012e+02,686
9.448208e+02,686
9.448404e+02,686
9.448600e+02,686
9.448796e+02,686
9.448992e+02,686
9.449188e+02,686
9.449384e+02,686
9.449580e+02,686
9.449776e+02,686
9.449972e+02,686
9.449832e+02,686
9.449636e+02,686
9.449440e+02,686
9.449244e+02,686
9.449048e+02,686
9.448852e+02,686
9.448656e+02,686
9.448460e+02,686
9.448264e+02,686
9.448068e+02,686
9.447872e+02,686
9.447676e+02,686
9.447479e+02,686
9.447283e+02,686
9.447087e+02,686
9.446891e+02,686
9.446695e+02,686
9.446499e+02,686
9.446303e+02,686
9.446107e+02,686
9.445911e+02,686
9.445715e+02,686
9.445519e+02,686
9.445323e+02,686
9.445127e+02,686
9.444931e+02,686
9.444735e+02,686
9.444539e+02,686
9.444343e+02,686
9.444147e+02,686
9.443951e+02,686
9.443755e+02,686
9.443559e+02,686
9.443363e+02,686
9.443167e+02,686
9.442971e+02,686
9.442775e+02,686
9.442579e+02,686
9.442382e+02,686
9.442186e+02,686
9.441990e+02,686
9.441794e+02,686
9.441598e+02,686
9.441402e+02,686
9.441206e+02,686
9.441010e+02,686
9.440814e+02,686
9.440618e+02,686
9.440422e+02,686
9.440226e+02,686
9.440030e+02,686
9.439834e+02,686
9.439638e+02,686
9.439442e+02,686
9.439246e+02,686
9.439050e+02,686
9.438854e+02,686
9.438658e+02,686
9.438462e+02,686
9.438266e+02,686
9.438070e+02,686
9.437874e+02,686
9.437678e+02,686
9.437481e+02,686
9.437285e+02,686
9.437089e+02,686
9.436893e+02,686
9.436697e+02,686
9.436501e+02,686
9.436305e+02,686
9.436109e+02,686
9.435913e+02,686
9.435717e+02,686
9.435521e+02,686
9.435325e+02,686
9.435129e+02,686
9.434933e+02,686
9.434737e+02,686
9.434541e+02,686
9.434345e+02,686
9.434149e+02,686
9.433953e+02,686
9.433757e+02,686
9.433561e+02,686
9.433365e+02,686
9.433169e+02,686
9.432973e+02,686
9.432777e+02,686
9.432581e+02,686
9.432384e+02,686
9.432188e+02,686
9.431992e+02,686
9.431796e+02,686
9.431600e+02,686
9.431404e+02,686
9.431208e+02,686
9.431012e+02,686
9.430816e+02,686
9.430620e+02,686
9.430424e+02,686
9.430228e+02,686
9.430032e+02,686
9.429836e+02,686
9.429640e+02,686
9.429444e+02,686
9.429248e+02,686
9.429052e+02,686
9.428856e+02,686
9.428660e+02,686
9.428464e+02,686
9.428268e+02,686
9.428072e+02,686
9.427876e+02,686
9.427680e+02,686
9.427483e+02,686
9.427287e+02,686
9.427091e+02,686
9.426895e+02,686
9.426699e+02,686
9.426503e+02,686
9.426307e+02,686
9.426111e+02,686
9.425915e+02,686
9.425719e+02,686
9.425523e+02,686
9.425327e+02,686
9.425131e+02,686
9.424935e+02,686
9.424739e+02,686
9.424543e+02,686
9.424347e+02,686
9.424151e+02,686
9.423955e+02,686
9.423759e+02,686
9.423563e+02,686
9.423367e+02,686
9.423171e+02,686
9.422975e+02,686
9.422779e+02,686
9.422583e+02,686
9.422386e+02,686
9.422190e+02,686
9.421994e+02,686
9.421798e+02,686
9.421602e+02,686
9.421406e+02,686
9.421210e+02,686
9.421014e+02,686
9.420818e+02,686
9.420622e+02,686
9.420426e+02,686
9.420230e+02,686
9.420034e+02,686
9.419838e+02,6.859838e+02
9.419642e+02,6.859642e+02
9.419446e+02,6.859446e+02
9.419250e+02,6.859250e+02
9.419054e+02,6.859054e+02
9.418858e+02,6.858858e+02
9.418662e+02,6.858662e+02
9.418466e+02,6.858466e+02
9.418270e+02,6.858270e+02
9.418074e+02,6.858074e+02
9.417878e+02,6.857878e+02
9.417682e+02,6.857682e+02
9.417485e+02,6.857485e+02
9.417289e+02,6.857289e+02
9.417093e+02,6.857093e+02
9.416897e+02,6.856897e+02
9.416701e+02,6.856701e+02
9.416505e+02,6.856505e+02
9.416309e+02,6.856309e+02
9.416113e+02,6.856113e+02
9.415917e+02,6.855917e+02
9.415721e+02,6.855721e+02
9.415525e+02,6.855525e+02
9.415329e+02,6.855329e+02
9.415133e+02,6.855133e+02
9.414937e+02,6.854937e+02
9.414741e+02,6.854741e+02
9.414545e+02,6.854545e+02
9.414349e+02,6.854349e+02
9.414153e+02,6.854153e+02
9.413957e+02,6.853957e+02
9.413761e+02,6.853761e+02
9.413565e+02,6.853565e+02
9.413369e+02,6.853369e+02
9.413173e+02,6.853173e+02
9.412977e+02,6.852977e+02
9.412781e+02,6.852781e+02
9.412585e+02,6.852585e+02
9.412388e+02,6.852388e+02
9.412192e+02,6.852192e+02
9.411996e+02,6.851996e+02
9.411800e+02,6.851800e+02
9.411604e+02,6.851604e+02
9.411408e+02,6.851408e+02
9.411212e+02,6.851212e+02
9.411016e+02,6.851016e+02
9.410820e+02,6.850820e+02
9.410624e+02,6.850624e+02
9.410428e+02,6.850428e+02
9.410232e+02,6.850232e+02
9.410036e+02,6.850036e+02
9.409840e+02,6.849840e+02
9.409644e+02,6.849644e+02
9.409448e+02,6.849448e+02
9.409252e+02,6.849252e+02
9.409056e+02,6.849056e+02
9.408860e+02,6.848860e+02
9.408664e+02,6.848664e+02
9.408468e+02,6.848468e+02
9.408272e+02,6.848272e+02
9.408076e+02,6.848076e+02
9.407880e+02,6.847880e+02
9.407684e+02,6.847684e+02
9.407487e+02,6.847487e+02
9.407291e+02,6.847291e+02
9.407095e+02,6.847095e+02
9.406899e+02,6.846899e+02
9.406703e+02,6.846703e+02
9.406507e+02,6.846507e+02
9.406311e+02,6.846311e+02
9.406115e+02,6.846115e+02
9.405919e+02,6.845919e+02
9.405723e+02,6.845723e+02
9.405527e+02,6.845527e+02
9.405331e+02,6.845331e+02
9.405135e+02,6.845135e+02
9.404939e+02,6.844939e+02
9.404743e+02,6.844743e+02
9.404547e+02,6.844547e+02
9.404351e+02,6.844351e+02
9.404155e+02,6.844155e+02
9.403959e+02,6.843959e+02
9.403763e+02,6.843763e+02
9.403567e+02,6.843567e+02
9.403371e+02,6.843371e+02
9.403175e+02,6.843175e+02
9.402979e+02,6.842979e+02
9.402783e+02,6.842783e+02
9.402587e+02,6.842587e+02
9.402390e+02,6.842390e+02
9.402194e+02,6.842194e+02
9.401998e+02,6.841998e+02
9.401802e+02,6.841802e+02
9.401606e+02,6.841606e+02
9.401410e+02,6.841410e+02
9.401214e+02,6.841214e+02
9.401018e+02,6.841018e+02
9.400822e+02,6.840822e+02
9.400626e+02,6.840626e+02
9.400430e+02,6.840430e+02
9.400234e+02,6.840234e+02
9.400038e+02,6.840038e+02
940,6.839842e+02
940,6.839646e+02
940,6.839450e+02
940,6.839254e+02
940,6.839058e+02
940,6.838862e+02
940,6.838666e+02
940,6.838470e+02
940,6.838274e+02
940,6.838078e+02
940,6.837882e+02
940,6.837686e+02
940,6.837489e+02
940,6.837293e+02
940,6.837097e+02
940,6.836901e+02
940,6.836705e+02
940,6.836509e+02
940,6.836313e+02
940,6.836117e+02
940,6.835921e+02
940,6.835725e+02
940,6.835529e+02
940,6.835333e+02
940,6.835137e+02
940,6.834941e+02
940,6.834745e+02
940,6.834549e+02
940,6.834353e+02
940,6.834157e+02
940,6.833961e+02
940,6.833765e+02
940,6.833569e+02
940,6.833373e+02
940,6.833177e+02
940,6.832981e+02
940,6.832785e+02
940,6.832589e+02
940,6.832392e+02
940,6.832196e+02
940,6.832000e+02
940,6.831804e+02
940,6.831608e+02
940,6.831412e+02
940,6.831216e+02
940,6.831020e+02
940,6.830824e+02
940,6.830628e+02
940,6.830432e+02
940,6.830236e+02
940,6.830040e+02
9.399844e+02,6.829844e+02
9.399648e+02,6.829648e+02
9.399452e+02,6.829452e+02
9.399256e+02,6.829256e+02
9.399060e+02,6.829060e+02
9.398864e+02,6.828864e+02
9.398668e+02,6.828668e+02
9.398472e+02,6.828472e+02
9.398276e+02,6.828276e+02
9.398080e+02,6.828080e+02
9.397884e+02,6.827884e+02
9.397688e+02,6.827688e+02
9.397491e+02,6.827491e+02
9.397295e+02,6.827295e+02
9.397099e+02,6.827099e+02
9.396903e+02,6.826903e+02
9.396707e+02,6.826707e+02
9.396511e+02,6.826511e+02
9.396315e+02,6.826315e+02
9.396119e+02,6.826119e+02
9.395923e+02,6.825923e+02
9.395727e+02,6.825727e+02
9.395531e+02,6.825531e+02
9.395335e+02,6.825335e+02
9.395139e+02,6.825139e+02
9.394943e+02,6.824943e+02
9.394747e+02,6.824747e+02
9.394551e+02,6.824551e+02
9.394355e+02,6.824355e+02
9.394159e+02,6.824159e+02
9.393963e+02,6.823963e+02
9.393767e+02,6.823767e+02
9.393571e+02,6.823571e+02
9.393375e+02,6.823375e+02
9.393179e+02,6.823179e+02
9.392983e+02,6.822983e+02
9.392787e+02,6.822787e+02
9.392591e+02,6.822591e+02
9.392394e+02,6.822394e+02
9.392198e+02,6.822198e+02
9.392002e+02,6.822002e+02
9.391806e+02,6.821806e+02
9.391610e+02,6.821610e+02
9.391414e+02,6.821414e+02
9.391218e+02,6.821218e+02
9.391022e+02,6.821022e+02
9.390826e+02,6.820826e+02
9.390630e+02,6.820630e+02
9.390434e+02,6.820434e+02
9.390238e+02,6.820238e+02
9.390042e+02,6.820042e+02
9.389846e+02,6.819846e+02
9.389650e+02,6.819650e+02
9.389454e+02,6.819454e+02
9.389258e+02,6.819258e+02
9.389062e+02,6.819062e+02
9.388866e+02,6.818866e+02
9.388670e+02,6.818670e+02
9.388474e+02,6.818474e+02
9.388278e+02,6.818278e+02
9.388082e+02,6.818082e+02
9.387886e+02,6.817886e+02
9.387690e+02,6.817690e+02
9.387493e+02,6.817493e+02
9.387297e+02,6.817297e+02
9.387101e+02,6.817101e+02
9.386905e+02,6.816905e+02
9.386709e+02,6.816709e+02
9.386513e+02,6.816513e+02
9.386317e+02,6.816317e+02
9.386121e+02,6.816121e+02
9.385925e+02,6.815925e+02
9.385729e+02,6.815729e+02
9.385533e+02,6.815533e+02
9.385337e+02,6.815337e+02
9.385141e+02,6.815141e+02
9.384945e+02,6.814945e+02
9.384749e+02,6.814749e+02
9.384553e+02,6.814553e+02
9.384357e+02,6.814357e+02
9.384161e+02,6.814161e+02
9.383965e+02,6.813965e+02
9.383769e+02,6.813769e+02
9.383573e+02,6.813573e+02
9.383377e+02,6.813377e+02
9.383181e+02,6.813181e+02
9.382985e+02,6.812985e+02
9.382789e+02,6.812789e+02
9.382593e+02,6.812593e+02
9.382396e+02,6.812396e+02
9.382200e+02,6.812200e+02
9.382004e+02,6.812004e+02
9.381808e+02,6.811808e+02
9.381612e+02,6.811612e+02
9.381416e+02,6.811416e+02
9.381220e+02,6.811220e+02
9.381024e+02,6.811024e+02
9.380828e+02,6.810828e+02
9.380632e+02,6.810632e+02
9.380436e+02,6.810436e+02
9.380240e+02,6.810240e+02
9.380044e+02,6.810044e+02
9.379848e+02,6.809848e+02
9.379652e+02,6.809652e+02
9.379456e+02,6.809456e+02
9.379260e+02,6.809260e+02
9.379064e+02,6.809064e+02
9.378868e+02,6.808868e+02
9.378672e+02,6.808672e+02
9.378476e+02,6.808476e+02
9.378280e+02,6.808280e+02
9.378084e+02,6.808084e+02
9.377888e+02,6.807888e+02
9.377692e+02,6.807692e+02
9.377495e+02,6.807495e+02
9.377299e+02,6.807299e+02
9.377103e+02,6.807103e+02
9.376907e+02,6.806907e+02
9.376711e+02,6.806711e+02
9.376515e+02,6.806515e+02
9.376319e+02,6.806319e+02
9.376123e+02,6.806123e+02
9.375927e+02,6.805927e+02
9.375731e+02,6.805731e+02
9.375535e+02,6.805535e+02
9.375339e+02,6.805339e+02
9.375143e+02,6.805143e+02
9.374947e+02,6.804947e+02
9.374751e+02,6.804751e+02
9.374555e+02,6.804555e+02
9.374359e+02,6.804359e+02
9.374163e+02,6.804163e+02
9.373967e+02,6.803967e+02
9.373771e+02,6.803771e+02
9.373575e+02,6.803575e+02
9.373379e+02,6.803379e+02
9.373183e+02,6.803183e+02
9.372987e+02,6.802987e+02
9.372791e+02,6.802791e+02
9.372595e+02,6.802595e+02
9.372398e+02,6.802398e+02
9.372202e+02,6.802202e+02
9.372006e+02,6.802006e+02
9.371810e+02,6.801810e+02
9.371614e+02,6.801614e+02
9.371418e+02,6.801418e+02
9.371222e+02,6.801222e+02
9.371026e+02,6.801026e+02
9.370830e+02,6.800830e+02
9.370634e+02,6.800634e+02
9.370438e+02,6.800438e+02
9.370242e+02,6.800242e+02
9.370046e+02,6.800046e+02
937,6.799850e+02
937,6.799654e+02
937,6.799458e+02
937,6.799262e+02
937,6.799066e+02
937,6.798870e+02
937,6.798674e+02
937,6.798478e+02
937,6.798282e+02
937,6.798086e+02
937,6.797890e+02
937,6.797694e+02
937,6.797497e+02
937,6.797301e+02
937,6.797105e+02
937,6.796909e+02
937,6.796713e+02
937,6.796517e+02
937,6.796321e+02
937,6.796125e+02
937,6.795929e+02
937,6.795733e+02
937,6.795537e+02
937,6.795341e+02
937,6.795145e+02
937,6.794949e+02
937,6.794753e+02
937,6.794557e+02
937,6.794361e+02
937,6.794165e+02
937,6.793969e+02
937,6.793773e+02
937,6.793577e+02
937,6.793381e+02
937,6.793185e+02
937,6.792989e+02
937,6.792793e+02
937,6.792597e+02
937,6.792400e+02
937,6.792204e+02
937,6.792008e+02
937,6.791812e+02
937,6.791616e+02
937,6.791420e+02
937,6.791224e+02
937,6.791028e+02
937,6.790832e+02
937,6.790636e+02
937,6.790440e+02
937,6.790244e+02
937,6.790048e+02
937,6.789852e+02
937,6.789656e+02
937,6.789460e+02
937,6.789264e+02
937,6.789068e+02
937,6.788872e+02
937,6.788676e+02
937,6.788480e+02
937,6.788284e+02
937,6.788088e+02
937,6.787892e+02
937,6.787696e+02
937,6.787499e+02
937,6.787303e+02
937,6.787107e+02
937,6.786911e+02
937,6.786715e+02
937,6.786519e+02
937,6.786323e+02
937,6.786127e+02
937,6.785931e+02
937,6.785735e+02
937,6.785539e+02
937,6.785343e+02
937,6.785147e+02
937,6.784951e+02
937,6.784755e+02
937,6.784559e+02
937,6.784363e+02
937,6.784167e+02
937,6.783971e+02
937,6.783775e+02
937,6.783579e+02
937,6.783383e+02
937,6.783187e+02
937,6.782991e+02
937,6.782795e+02
937,6.782599e+02
937,6.782402e+02
937,6.782206e+02
937,6.782010e+02
937,6.781814e+02
937,6.781618e+02
937,6.781422e+02
937,6.781226e+02
937,6.781030e+02
937,6.780834e+02
937,6.780638e+02
937,6.780442e+02
937,6.780246e+02
937,6.780050e+02
937,6.779854e+02
937,6.779658e+02
937,6.779462e+02
937,6.779266e+02
937,6.779070e+02
937,6.778874e+02
937,6.778678e+02
937,6.778482e+02
937,6.778286e+02
937,6.778090e+02
937,6.777894e+02
937,6.777698e+02
937,6.777502e+02
937,6.777305e+02
937,6.777109e+02
937,6.776913e+02
937,6.776717e+02
937,6.776521e+02
937,6.776325e+02
937,6.776129e+02
937,6.775933e+02
937,6.775737e+02
937,6.775541e+02
937,6.775345e+02
937,6.775149e+02
937,6.774953e+02
937,6.774757e+02
937,6.774561e+02
937,6.774365e+02
937,6.774169e+02
937,6.773973e+02
937,6.773777e+02
937,6.773581e+02
937,6.773385e+02
937,6.773189e+02
937,6.772993e+02
937,6.772797e+02
937,6.772601e+02
937,6.772404e+02
937,6.772208e+02
937,6.772012e+02
937,6.771816e+02
937,6.771620e+02
937,6.771424e+02
937,6.771228e+02
937,6.771032e+02
937,6.770836e+02
937,6.770640e+02
937,6.770444e+02
937,6.770248e+02
937,6.770052e+02
937,6.769856e+02
937,6.769660e+02
937,6.769464e+02
937,6.769268e+02
937,6.769072e+02
937,6.768876e+02
937,6.768680e+02
937,6.768484e+02
937,6.768288e+02
937,6.768092e+02
937,6.767896e+02
937,6.767700e+02
937,6.767504e+02
937,6.767307e+02
937,6.767111e+02
937,6.766915e+02
937,6.766719e+02
937,6.766523e+02
937,6.766327e+02
937,6.766131e+02
937,6.765935e+02
937,6.765739e+02
937,6.765543e+02
937,6.765347e+02
937,6.765151e+02
937,6.764955e+02
937,6.764759e+02
937,6.764563e+02
937,6.764367e+02
937,6.764171e+02
937,6.763975e+02
937,6.763779e+02
937,6.763583e+02
937,6.763387e+02
937,6.763191e+02
937,6.762995e+02
937,6.762799e+02
937,6.762603e+02
937,6.762406e+02
937,6.762210e+02
937,6.762014e+02
937,6.761818e+02
937,6.761622e+02
937,6.761426e+02
937,6.761230e+02
937,6.761034e+02
937,6.760838e+02
937,6.760642e+02
937,6.760446e+02
937,6.760250e+02
937,6.760054e+02
9.370142e+02,6.759858e+02
9.370338e+02,6.759662e+02
9.370534e+02,6.759466e+02
9.370730e+02,6.759270e+02
9.370926e+02,6.759074e+02
9.371122e+02,6.758878e+02
9.371318e+02,6.758682e+02
9.371514e+02,6.758486e+02
9.371710e+02,6.758290e+02
9.371906e+02,6.758094e+02
9.372102e+02,6.757898e+02
9.372298e+02,6.757702e+02
9.372494e+02,6.757506e+02
9.372691e+02,6.757309e+02
9.372887e+02,6.757113e+02
9.373083e+02,6.756917e+02
9.373279e+02,6.756721e+02
9.373475e+02,6.756525e+02
9.373671e+02,6.756329e+02
9.373867e+02,6.756133e+02
9.374063e+02,6.755937e+02
9.374259e+02,6.755741e+02
9.374455e+02,6.755545e+02
9.374651e+02,6.755349e+02
9.374847e+02,6.755153e+02
9.375043e+02,6.754957e+02
9.375239e+02,6.754761e+02
9.375435e+02,6.754565e+02
9.375631e+02,6.754369e+02
9.375827e+02,6.754173e+02
9.376023e+02,6.753977e+02
9.376219e+02,6.753781e+02
9.376415e+02,6.753585e+02
9.376611e+02,6.753389e+02
9.376807e+02,6.753193e+02
9.377003e+02,6.752997e+02
9.377199e+02,6.752801e+02
9.377395e+02,6.752605e+02
9.377592e+02,6.752408e+02
9.377788e+02,6.752212e+02
9.377984e+02,6.752016e+02
9.378180e+02,6.751820e+02
9.378376e+02,6.751624e+02
9.378572e+02,6.751428e+02
9.378768e+02,6.751232e+02
9.378964e+02,6.751036e+02
9.379160e+02,6.750840e+02
9.379356e+02,6.750644e+02
9.379552e+02,6.750448e+02
9.379748e+02,6.750252e+02
9.379944e+02,6.750056e+02
9.380140e+02,675
9.380336e+02,675
9.380532e+02,675
9.380728e+02,675
9.380924e+02,675
9.381120e+02,675
9.381316e+02,675
9.381512e+02,675
9.381708e+02,675
9.381904e+02,675
9.382100e+02,675
9.382296e+02,675
9.382492e+02,675
9.382689e+02,675
9.382885e+02,675
9.383081e+02,675
9.383277e+02,675
9.383473e+02,675
9.383669e+02,675
9.383865e+02,675
9.384061e+02,675
9.384257e+02,675
9.384453e+02,675
9.384649e+02,675
9.384845e+02,675
9.385041e+02,675
9.385237e+02,675
9.385433e+02,675
9.385629e+02,675
9.385825e+02,675
9.386021e+02,675
9.386217e+02,675
9.386413e+02,675
9.386609e+02,675
9.386805e+02,675
9.387001e+02,675
9.387197e+02,675
9.387393e+02,675
9.387590e+02,675
9.387786e+02,675
9.387982e+02,675
9.388178e+02,675
9.388374e+02,675
9.388570e+02,675
9.388766e+02,675
9.388962e+02,675
9.389158e+02,675
9.389354e+02,675
9.389550e+02,675
9.389746e+02,675
9.389942e+02,675
9.390138e+02,675
9.390334e+02,675
9.390530e+02,675
9.390726e+02,675
9.390922e+02,675
9.391118e+02,675
9.391314e+02,675
9.391510e+02,675
9.391706e+02,675
9.391902e+02,675
9.392098e+02,675
9.392294e+02,675
9.392490e+02,675
9.392687e+02,675
9.392883e+02,675
9.393079e+02,675
9.393275e+02,675
9.393471e+02,675
9.393667e+02,675
9.393863e+02,675
9.394059e+02,675
9.394255e+02,675
9.394451e+02,675
9.394647e+02,675
9.394843e+02,675
9.395039e+02,675
9.395235e+02,675
9.395431e+02,675
9.395627e+02,675
9.395823e+02,675
9.396019e+02,675
9.396215e+02,675
9.396411e+02,675
9.396607e+02,675
9.396803e+02,675
9.396999e+02,675
9.397195e+02,675
9.397391e+02,675
9.397588e+02,675
9.397784e+02,675
9.397980e+02,675
9.398176e+02,675
9.398372e+02,675
9.398568e+02,675
9.398764e+02,675
9.398960e+02,675
9.399156e+02,675
9.399352e+02,675
9.399548e+02,675
9.399744e+02,675
9.399940e+02,675
9.400136e+02,675
9.400332e+02,675
9.400528e+02,675
9.400724e+02,675
9.400920e+02,675
9.401116e+02,675
9.401312e+02,675
9.401508e+02,675
9.401704e+02,675
9.401900e+02,675
9.402096e+02,675
9.402292e+02,675
9.402488e+02,675
9.402685e+02,675
9.402881e+02,675
9.403077e+02,675
9.403273e+02,675
9.403469e+02,675
9.403665e+02,675
9.403861e+02,675
9.404057e+02,675
9.404253e+02,675
9.404449e+02,675
9.404645e+02,675
9.404841e+02,675
9.405037e+02,675
9.405233e+02,675
9.405429e+02,675
9.405625e+02,675
9.405821e+02,675
9.406017e+02,675
9.406213e+02,675
9.406409e+02,675
9.406605e+02,675
9.406801e+02,675
9.406997e+02,675
9.407193e+02,675
9.407389e+02,675
9.407586e+02,675
9.407782e+02,675
9.407978e+02,675
9.408174e+02,675
9.408370e+02,675
9.408566e+02,675
9.408762e+02,675
9.408958e+02,675
9.409154e+02,675
9.409350e+02,675
9.409546e+02,675
9.409742e+02,675
9.409938e+02,675
9.410134e+02,675
9.410330e+02,675
9.410526e+02,675
9.410722e+02,675
9.410918e+02,675
9.411114e+02,675
9.411310e+02,675
9.411506e+02,675
9.411702e+02,675
9.411898e+02,675
9.412094e+02,675
9.412290e+02,675
9.412486e+02,675
9.412683e+02,675
9.412879e+02,675
9.413075e+02,675
9.413271e+02,675
9.413467e+02,675
9.413663e+02,675
9.413859e+02,675
9.414055e+02,675
9.414251e+02,675
9.414447e+02,675
9.414643e+02,675
9.414839e+02,675
9.415035e+02,675
9.415231e+02,675
9.415427e+02,675
9.415623e+02,675
9.415819e+02,675
9.416015e+02,675
9.416211e+02,675
9.416407e+02,675
9.416603e+02,675
9.416799e+02,675
9.416995e+02,675
9.417191e+02,675
9.417387e+02,675
9.417584e+02,675
9.417780e+02,675
9.417976e+02,675
9.418172e+02,675
9.418368e+02,675
9.418564e+02,675
9.418760e+02,675
9.418956e+02,675
9.419152e+02,675
9.419348e+02,675
9.419544e+02,675
9.419740e+02,675
9.419936e+02,675
9.420132e+02,675
9.420328e+02,675
9.420524e+02,675
9.420720e+02,675
9.420916e+02,675
9.421112e+02,675
9.421308e+02,675
9.421504e+02,675
9.421700e+02,675
9.421896e+02,675
9.422092e+02,675
9.422288e+02,675
9.422484e+02,675
9.422681e+02,675
9.422877e+02,675
9.423073e+02,675
9.423269e+02,675
9.423465e+02,675
9.423661e+02,675
9.423857e+02,675
9.424053e+02,675
9.424249e+02,675
9.424445e+02,675
9.424641e+02,675
9.424837e+02,675
9.425033e+02,675
9.425229e+02,675
9.425425e+02,675
9.425621e+02,675
9.425817e+02,675
9.426013e+02,675
9.426209e+02,675
9.426405e+02,675
9.426601e+02,675
9.426797e+02,675
9.426993e+02,675
9.427189e+02,675
9.427385e+02,675
9.427582e+02,675
9.427778e+02,675
9.427974e+02,675
9.428170e+02,675
9.428366e+02,675
9.428562e+02,675
9.428758e+02,675
9.428954e+02,675
9.429150e+02,675
9.429346e+02,675
9.429542e+02,675
9.429738e+02,675
9.429934e+02,675
9.430130e+02,675
9.430326e+02,675
9.430522e+02,675
9.430718e+02,675
9.430914e+02,675
9.431110e+02,675
9.431306e+02,675
9.431502e+02,675
9.431698e+02,675
9.431894e+02,675
9.432090e+02,675
9.432286e+02,675
9.432482e+02,675
9.432679e+02,675
9.432875e+02,675
9.433071e+02,675
9.433267e+02,675
9.433463e+02,675
9.433659e+02,675
9.433855e+02,675
9.434051e+02,675
9.434247e+02,675
9.434443e+02,675
9.434639e+02,675
9.434835e+02,675
9.435031e+02,675
9.435227e+02,675
9.435423e+02,675
9.435619e+02,675
9.435815e+02,675
9.436011e+02,675
9.436207e+02,675
9.436403e+02,675
9.436599e+02,675
9.436795e+02,675
9.436991e+02,675
9.437187e+02,675
9.437383e+02,675
9.437580e+02,675
9.437776e+02,675
9.437972e+02,675
9.438168e+02,675
9.438364e+02,675
9.438560e+02,675
9.438756e+02,675
9.438952e+02,675
9.439148e+02,675
9.439344e+02,675
9.439540e+02,675
9.439736e+02,675
9.439932e+02,675
9.440128e+02,6.750128e+02
9.440324e+02,6.750324e+02
9.440520e+02,6.750520e+02
9.440716e+02,6.750716e+02
9.440912e+02,6.750912e+02
9.441108e+02,6.751108e+02
9.441304e+02,6.751304e+02
9.441500e+02,6.751500e+02
9.441696e+02,6.751696e+02
9.441892e+02,6.751892e+02
9.442088e+02,6.752088e+02
9.442284e+02,6.752284e+02
9.442480e+02,6.752480e+02
9.442677e+02,6.752677e+02
9.442873e+02,6.752873e+02
9.443069e+02,6.753069e+02
9.443265e+02,6.753265e+02
9.443461e+02,6.753461e+02
9.443657e+02,6.753657e+02
9.443853e+02,6.753853e+02
9.444049e+02,6.754049e+02
9.444245e+02,6.754245e+02
9.444441e+02,6.754441e+02
9.444637e+02,6.754637e+02
9.444833e+02,6.754833e+02
9.445029e+02,6.755029e+02
9.445225e+02,6.755225e+02
9.445421e+02,6.755421e+02
9.445617e+02,6.755617e+02
9.445813e+02,6.755813e+02
9.446009e+02,6.756009e+02
9.446205e+02,6.756205e+02
9.446401e+02,6.756401e+02
9.446597e+02,6.756597e+02
9.446793e+02,6.756793e+02
9.446989e+02,6.756989e+02
9.447185e+02,6.757185e+02
9.447381e+02,6.757381e+02
9.447578e+02,6.757578e+02
9.447774e+02,6.757774e+02
9.447970e+02,6.757970e+02
9.448166e+02,6.758166e+02
9.448362e+02,6.758362e+02
9.448558e+02,6.758558e+02
9.448754e+02,6.758754e+02
9.448950e+02,6.758950e+02
9.449146e+02,6.759146e+02
9.449342e+02,6.759342e+02
9.449538e+02,6.759538e+02
9.449734e+02,6.759734e+02
9.449930e+02,6.759930e+02
9.450126e+02,6.760126e+02
9.450322e+02,6.760322e+02
9.450518e+02,6.760518e+02
9.450714e+02,6.760714e+02
9.450910e+02,6.760910e+02
9.451106e+02,6.761106e+02
9.451302e+02,6.761302e+02
9.451498e+02,6.761498e+02
9.451694e+02,6.761694e+02
9.451890e+02,6.761890e+02
9.452086e+02,6.762086e+02
9.452282e+02,6.762282e+02
9.452478e+02,6.762478e+02
9.452675e+02,6.762675e+02
9.452871e+02,6.762871e+02
9.453067e+02,6.763067e+02
9.453263e+02,6.763263e+02
9.453459e+02,6.763459e+02
9.453655e+02,6.763655e+02
9.453851e+02,6.763851e+02
9.454047e+02,6.764047e+02
9.454243e+02,6.764243e+02
9.454439e+02,6.764439e+02
9.454635e+02,6.764635e+02
9.454831e+02,6.764831e+02
9.455027e+02,6.765027e+02
9.455223e+02,6.765223e+02
9.455419e+02,6.765419e+02
9.455615e+02,6.765615e+02
9.455811e+02,6.765811e+02
9.456007e+02,6.766007e+02
9.456203e+02,6.766203e+02
9.456399e+02,6.766399e+02
9.456595e+02,6.766595e+02
9.456791e+02,6.766791e+02
9.456987e+02,6.766987e+02
9.457183e+02,6.767183e+02
9.457379e+02,6.767379e+02
9.457576e+02,6.767576e+02
9.457772e+02,6.767772e+02
9.457968e+02,6.767968e+02
9.458164e+02,6.768164e+02
9.458360e+02,6.768360e+02
9.458556e+02,6.768556e+02
9.458752e+02,6.768752e+02
9.458948e+02,6.768948e+02
9.459144e+02,6.769144e+02
9.459340e+02,6.769340e+02
9.459536e+02,6.769536e+02
9.459732e+02,6.769732e+02
9.459928e+02,6.769928e+02
9.460124e+02,677
9.460320e+02,677
9.460516e+02,677
9.460712e+02,677
9.460908e+02,677
9.461104e+02,677
9.461300e+02,677
9.461496e+02,677
9.461692e+02,677
9.461888e+02,677
9.462084e+02,677
9.462280e+02,677
9.462476e+02,677
9.462673e+02,677
9.462869e+02,677
9.463065e+02,677
9.463261e+02,677
9.463457e+02,677
9.463653e+02,677
9.463849e+02,677
9.464045e+02,677
9.464241e+02,677
9.464437e+02,677
9.464633e+02,677
9.464829e+02,677
9.465025e+02,677
9.465221e+02,677
9.465417e+02,677
9.465613e+02,677
9.465809e+02,677
9.466005e+02,677
9.466201e+02,677
9.466397e+02,677
9.466593e+02,677
9.466789e+02,677
9.466985e+02,677
9.467181e+02,677
9.467377e+02,677
9.467574e+02,677
9.467770e+02,677
9.467966e+02,677
9.468162e+02,677
9.468358e+02,677
9.468554e+02,677
9.468750e+02,677
9.468946e+02,677
9.469142e+02,677
9.469338e+02,677
9.469534e+02,677
9.469730e+02,677
9.469926e+02,677
9.470122e+02,677
9.470318e+02,677
9.470514e+02,677
9.470710e+02,677
9.470906e+02,677
9.471102e+02,677
9.471298e+02,677
9.471494e+02,677
9.471690e+02,677
9.471886e+02,677
9.472082e+02,677
9.472278e+02,677
9.472474e+02,677
9.472671e+02,677
9.472867e+02,677
9.473063e+02,677
9.473259e+02,677
9.473455e+02,677
9.473651e+02,677
9.473847e+02,677
9.474043e+02,677
9.474239e+02,677
9.474435e+02,677
9.474631e+02,677
9.474827e+02,677
9.475023e+02,677
9.475219e+02,677
9.475415e+02,677
9.475611e+02,677
9.475807e+02,677
9.476003e+02,677
9.476199e+02,677
9.476395e+02,677
9.476591e+02,677
9.476787e+02,677
9.476983e+02,677
9.477179e+02,677
9.477375e+02,677
9.477572e+02,677
9.477768e+02,677
9.477964e+02,677
9.478160e+02,677
9.478356e+02,677
9.478552e+02,677
9.478748e+02,677
9.478944e+02,677
9.479140e+02,677
9.479336e+02,677
9.479532e+02,677
9.479728e+02,677
9.479924e+02,677
9.480120e+02,677
9.480316e+02,677
9.480512e+02,677
9.480708e+02,677
9.480904e+02,677
9.481100e+02,677
9.481296e+02,677
9.481492e+02,677
9.481688e+02,677
9.481884e+02,677
9.482080e+02,677
9.482276e+02,677
9.482472e+02,677
9.482669e+02,677
9.482865e+02,677
9.483061e+02,677
9.483257e+02,677
9.483453e+02,677
9.483649e+02,677
9.483845e+02,677
9.484041e+02,677
9.484237e+02,677
9.484433e+02,677
9.484629e+02,677
9.484825e+02,677
9.485021e+02,677
9.485217e+02,677
9.485413e+02,677
9.485609e+02,677
9.485805e+02,677
9.486001e+02,677
9.486197e+02,677
9.486393e+02,677
9.486589e+02,677
9.486785e+02,677
9.486981e+02,677
9.487177e+02,677
9.487373e+02,677
9.487570e+02,677
9.487766e+02,677
9.487962e+02,677
9.488158e+02,677
9.488354e+02,677
9.488550e+02,677
9.488746e+02,677
9.488942e+02,677
9.489138e+02,677
9.489334e+02,677
9.489530e+02,677
9.489726e+02,677
9.489922e+02,677
9.490118e+02,677
9.490314e+02,677
9.490510e+02,677
9.490706e+02,677
9.490902e+02,677
9.491098e+02,677
9.491294e+02,677
9.491490e+02,677
9.491686e+02,677
9.491882e+02,677
9.492078e+02,677
9.492274e+02,677
9.492470e+02,677
9.492667e+02,677
9.492863e+02,677
9.493059e+02,677
9.493255e+02,677
9.493451e+02,677
9.493647e+02,677
9.493843e+02,677
9.494039e+02,677
9.494235e+02,677
9.494431e+02,677
9.494627e+02,677
9.494823e+02,677
9.495019e+02,677
9.495215e+02,677
9.495411e+02,677
9.495607e+02,677
9.495803e+02,677
9.495999e+02,677
9.496195e+02,677
9.496391e+02,677
9.496587e+02,677
9.496783e+02,677
9.496979e+02,677
9.497175e+02,677
9.497371e+02,677
9.497568e+02,677
9.497764e+02,677
9.497960e+02,677
9.498156e+02,677
9.498352e+02,677
9.498548e+02,677
9.498744e+02,677
9.498940e+02,677
9.499136e+02,677
9.499332e+02,677
9.499528e+02,677
9.499724e+02,677
9.499920e+02,677
9.500116e+02,677
9.500312e+02,677
9.500508e+02,677
9.500704e+02,677
9.500900e+02,677
9.501096e+02,677
9.501292e+02,677
9.501488e+02,677
9.501684e+02,677
9.501880e+02,677
9.502076e+02,677
9.502272e+02,677
9.502468e+02,677
9.502665e+02,677
9.502861e+02,677
9.503057e+02,677
9.503253e+02,677
9.503449e+02,677
9.503645e+02,677
9.503841e+02,677
9.504037e+02,677
9.504233e+02,677
9.504429e+02,677
9.504625e+02,677
9.504821e+02,677
9.505017e+02,677
9.505213e+02,677
9.505409e+02,677
9.505605e+02,677
9.505801e+02,677
9.505997e+02,677
9.506193e+02,677
9.506389e+02,677
9.506585e+02,677
9.506781e+02,677
9.506977e+02,677
9.507173e+02,677
9.507369e+02,677
9.507566e+02,677
9.507762e+02,677
9.507958e+02,677
9.508154e+02,677
9.508350e+02,677
9.508546e+02,677
9.508742e+02,677
9.508938e+02,677
9.509134e+02,677
9.509330e+02,677
9.509526e+02,677
9.509722e+02,677
9.509918e+02,677
9.510114e+02,677
9.510310e+02,677
9.510506e+02,677
9.510702e+02,677
9.510898e+02,677
9.511094e+02,677
9.511290e+02,677
9.511486e+02,677
9.511682e+02,677
9.511878e+02,677
9.512074e+02,677
9.512270e+02,677
9.512466e+02,677
9.512663e+02,677
9.512859e+02,677
9.513055e+02,677
9.513251e+02,677
9.513447e+02,677
9.513643e+02,677
9.513839e+02,677
9.514035e+02,677
9.514231e+02,677
9.514427e+02,677
9.514623e+02,677
9.514819e+02,677
9.515015e+02,677
9.515211e+02,677
9.515407e+02,677
9.515603e+02,677
9.515799e+02,677
9.515995e+02,677
9.516191e+02,677
9.516387e+02,677
9.516583e+02,677
9.516779e+02,677
9.516975e+02,677
9.517171e+02,677
9.517367e+02,677
9.517564e+02,677
9.517760e+02,677
9.517956e+02,677
9.518152e+02,677
9.518348e+02,677
9.518544e+02,677
9.518740e+02,677
9.518936e+02,677
9.519132e+02,677
9.519328e+02,677
9.519524e+02,677
9.519720e+02,677
9.519916e+02,677
9.520112e+02,6.770112e+02
9.520308e+02,6.770308e+02
9.520504e+02,6.770504e+02
9.520700e+02,6.770700e+02
9.520896e+02,6.770896e+02
9.521092e+02,6.771092e+02
9.521288e+02,6.771288e+02
9.521484e+02,6.771484e+02
9.521680e+02,6.771680e+02
9.521876e+02,6.771876e+02
9.522072e+02,6.772072e+02
9.522268e+02,6.772268e+02
9.522464e+02,6.772464e+02
9.522661e+02,6.772661e+02
9.522857e+02,6.772857e+02
9.523053e+02,6.773053e+02
9.523249e+02,6.773249e+02
9.523445e+02,6.773445e+02
9.523641e+02,6.773641e+02
9.523837e+02,6.773837e+02
9.524033e+02,6.774033e+02
9.524229e+02,6.774229e+02
9.524425e+02,6.774425e+02
9.524621e+02,6.774621e+02
9.524817e+02,6.774817e+02
9.525013e+02,6.775013e+02
9.525209e+02,6.775209e+02
9.525405e+02,6.775405e+02
9.525601e+02,6.775601e+02
9.525797e+02,6.775797e+02
9.525993e+02,6.775993e+02
9.526189e+02,6.776189e+02
9.526385e+02,6.776385e+02
9.526581e+02,6.776581e+02
9.526777e+02,6.776777e+02
9.526973e+02,6.776973e+02
9.527169e+02,6.777169e+02
9.527365e+02,6.777365e+02
9.527562e+02,6.777562e+02
9.527758e+02,6.777758e+02
9.527954e+02,6.777954e+02
9.528150e+02,6.778150e+02
9.528346e+02,6.778346e+02
9.528542e+02,6.778542e+02
9.528738e+02,6.778738e+02
9.528934e+02,6.778934e+02
9.529130e+02,6.779130e+02
9.529326e+02,6.779326e+02
9.529522e+02,6.779522e+02
9.529718e+02,6.779718e+02
9.529914e+02,6.779914e+02
9.530110e+02,678
9.530306e+02,678
9.530502e+02,678
9.530698e+02,678
9.530894e+02,678
9.531090e+02,678
9.531286e+02,678
9.531482e+02,678
9.531678e+02,678
9.531874e+02,678
9.532070e+02,678
9.532266e+02,678
9.532462e+02,678
9.532659e+02,678
9.532855e+02,678
9.533051e+02,678
9.533247e+02,678
9.533443e+02,678
9.533639e+02,678
9.533835e+02,678
9.534031e+02,678
9.534227e+02,678
9.534423e+02,678
9.534619e+02,678
9.534815e+02,678
9.535011e+02,678
9.535207e+02,678
9.535403e+02,678
9.535599e+02,678
9.535795e+02,678
9.535991e+02,678
9.536187e+02,678
9.536383e+02,678
9.536579e+02,678
9.536775e+02,678
9.536971e+02,678
9.537167e+02,678
9.537363e+02,678
9.537560e+02,678
9.537756e+02,678
9.537952e+02,678
9.538148e+02,678
9.538344e+02,678
9.538540e+02,678
9.538736e+02,678
9.538932e+02,678
9.539128e+02,678
9.539324e+02,678
9.539520e+02,678
9.539716e+02,678
9.539912e+02,678
9.540108e+02,678
9.540304e+02,678
9.540500e+02,678
9.540696e+02,678
9.540892e+02,678
9.541088e+02,678
9.541284e+02,678
9.541480e+02,678
9.541676e+02,678
9.541872e+02,678
9.542068e+02,678
9.542264e+02,678
9.542460e+02,678
9.542657e+02,678
9.542853e+02,678
9.543049e+02,678
9.543245e+02,678
9.543441e+02,678
9.543637e+02,678
9.543833e+02,678
9.544029e+02,678
9.544225e+02,678
9.544421e+02,678
9.544617e+02,678
9.544813e+02,678
9.545009e+02,678
9.545205e+02,678
9.545401e+02,678
9.545597e+02,678
9.545793e+02,678
9.545989e+02,678
9.546185e+02,678
9.546381e+02,678
9.546577e+02,678
9.546773e+02,678
9.546969e+02,678
9.547165e+02,678
9.547361e+02,678
9.547558e+02,678
9.547754e+02,678
9.547950e+02,678
9.548146e+02,678
9.548342e+02,678
9.548538e+02,678
9.548734e+02,678
9.548930e+02,678
9.549126e+02,678
9.549322e+02,678
9.549518e+02,678
9.549714e+02,678
9.549910e+02,678
9.550106e+02,678
9.550302e+02,678
9.550498e+02,678
9.550694e+02,678
9.550890e+02,678
9.551086e+02,678
9.551282e+02,678
9.551478e+02,678
9.551674e+02,678
9.551870e+02,678
9.552066e+02,678
9.552262e+02,678
9.552458e+02,678
9.552655e+02,678
9.552851e+02,678
9.553047e+02,678
9.553243e+02,678
9.553439e+02,678
9.553635e+02,678
9.553831e+02,678
9.554027e+02,678
9.554223e+02,678
9.554419e+02,678
9.554615e+02,678
9.554811e+02,678
9.555007e+02,678
9.555203e+02,678
9.555399e+02,678
9.555595e+02,678
9.555791e+02,678
9.555987e+02,678
9.556183e+02,678
9.556379e+02,678
9.556575e+02,678
9.556771e+02,678
9.556967e+02,678
9.557163e+02,678
9.557359e+02,678
9.557556e+02,678
9.557752e+02,678
9.557948e+02,678
9.558144e+02,678
9.558340e+02,678
9.558536e+02,678
9.558732e+02,678
9.558928e+02,678
9.559124e+02,678
9.559320e+02,678
9.559516e+02,678
9.559712e+02,678
9.559908e+02,678
9.560104e+02,6.780104e+02
9.560300e+02,6.780300e+02
9.560496e+02,6.780496e+02
9.560692e+02,6.780692e+02
9.560888e+02,6.780888e+02
9.561084e+02,6.781084e+02
9.561280e+02,6.781280e+02
9.561476e+02,6.781476e+02
9.561672e+02,6.781672e+02
9.561868e+02,6.781868e+02
9.562064e+02,6.782064e+02
9.562260e+02,6.782260e+02
9.562456e+02,6.782456e+02
9.562653e+02,6.782653e+02
9.562849e+02,6.782849e+02
9.563045e+02,6.783045e+02
9.563241e+02,6.783241e+02
9.563437e+02,6.783437e+02
9.563633e+02,6.783633e+02
9.563829e+02,6.783829e+02
9.564025e+02,6.784025e+02
9.564221e+02,6.784221e+02
9.564417e+02,6.784417e+02
9.564613e+02,6.784613e+02
9.564809e+02,6.784809e+02
9.565005e+02,6.785005e+02
9.565201e+02,6.785201e+02
9.565397e+02,6.785397e+02
9.565593e+02,6.785593e+02
9.565789e+02,6.785789e+02
9.565985e+02,6.785985e+02
9.566181e+02,6.786181e+02
9.566377e+02,6.786377e+02
9.566573e+02,6.786573e+02
9.566769e+02,6.786769e+02
9.566965e+02,6.786965e+02
9.567161e+02,6.787161e+02
9.567357e+02,6.787357e+02
9.567554e+02,6.787554e+02
9.567750e+02,6.787750e+02
9.567946e+02,6.787946e+02
9.568142e+02,6.788142e+02
9.568338e+02,6.788338e+02
9.568534e+02,6.788534e+02
9.568730e+02,6.788730e+02
9.568926e+02,6.788926e+02
9.569122e+02,6.789122e+02
9.569318e+02,6.789318e+02
9.569514e+02,6.789514e+02
9.569710e+02,6.789710e+02
9.569906e+02,6.789906e+02
9.570102e+02,6.790102e+02
9.570298e+02,6.790298e+02
9.570494e+02,6.790494e+02
9.570690e+02,6.790690e+02
9.570886e+02,6.790886e+02
9.571082e+02,6.791082e+02
9.571278e+02,6.791278e+02
9.571474e+02,6.791474e+02
9.571670e+02,6.791670e+02
9.571866e+02,6.791866e+02
9.572062e+02,6.792062e+02
9.572258e+02,6.792258e+02
9.572454e+02,6.792454e+02
9.572651e+02,6.792651e+02
9.572847e+02,6.792847e+02
9.573043e+02,6.793043e+02
9.573239e+02,6.793239e+02
9.573435e+02,6.793435e+02
9.573631e+02,6.793631e+02
9.573827e+02,6.793827e+02
9.574023e+02,6.794023e+02
9.574219e+02,6.794219e+02
9.574415e+02,6.794415e+02
9.574611e+02,6.794611e+02
9.574807e+02,6.794807e+02
9.575003e+02,6.795003e+02
9.575199e+02,6.795199e+02
9.575395e+02,6.795395e+02
9.575591e+02,6.795591e+02
9.575787e+02,6.795787e+02
9.575983e+02,6.795983e+02
9.576179e+02,6.796179e+02
9.576375e+02,6.796375e+02
9.576571e+02,6.796571e+02
9.576767e+02,6.796767e+02
9.576963e+02,6.796963e+02
9.577159e+02,6.797159e+02
9.577355e+02,6.797355e+02
9.577552e+02,6.797552e+02
9.577748e+02,6.797748e+02
9.577944e+02,6.797944e+02
9.578140e+02,6.798140e+02
9.578336e+02,6.798336e+02
9.578532e+02,6.798532e+02
9.578728e+02,6.798728e+02
9.578924e+02,6.798924e+02
9.579120e+02,6.799120e+02
9.579316e+02,6.799316e+02
9.579512e+02,6.799512e+02
9.579708e+02,6.799708e+02
9.579904e+02,6.799904e+02
9.580100e+02,680
9.580296e+02,680
9.580492e+02,680
9.580688e+02,680
9.580884e+02,680
9.581080e+02,680
9.581276e+02,680
9.581472e+02,680
9.581668e+02,680
9.581864e+02,680
9.582060e+02,680
9.582256e+02,680
9.582452e+02,680
9.582649e+02,680
9.582845e+02,680
9.583041e+02,680
9.583237e+02,680
9.583433e+02,680
9.583629e+02,680
9.583825e+02,680
9.584021e+02,680
9.584217e+02,680
9.584413e+02,680
9.584609e+02,680
9.584805e+02,680
9.585001e+02,680
9.585197e+02,680
9.585393e+02,680
9.585589e+02,680
9.585785e+02,680
9.585981e+02,680
9.586177e+02,680
9.586373e+02,680
9.586569e+02,680
9.586765e+02,680
9.586961e+02,680
9.587157e+02,680
9.587353e+02,680
9.587550e+02,680
9.587746e+02,680
9.587942e+02,680
9.588138e+02,680
9.588334e+02,680
9.588530e+02,680
9.588726e+02,680
9.588922e+02,680
9.589118e+02,680
9.589314e+02,680
9.589510e+02,680
9.589706e+02,680
9.589902e+02,680
