1017,678
1.016984e+03,6.780156e+02
1.016969e+03,6.780312e+02
1.016953e+03,6.780468e+02
1.016938e+03,6.780624e+02
1.016922e+03,6.780780e+02
1.016906e+03,6.780936e+02
1.016891e+03,6.781092e+02
1.016875e+03,6.781248e+02
1.016860e+03,6.781404e+02
1.016844e+03,6.781560e+02
1.016828e+03,6.781716e+02
1.016813e+03,6.781872e+02
1.016797e+03,6.782028e+02
1.016782e+03,6.782184e+02
1.016766e+03,6.782340e+02
1.016750e+03,6.782496e+02
1.016735e+03,6.782653e+02
1.016719e+03,6.782809e+02
1.016704e+03,6.782965e+02
1.016688e+03,6.783121e+02
1.016672e+03,6.783277e+02
1.016657e+03,6.783433e+02
1.016641e+03,6.783589e+02
1.016626e+03,6.783745e+02
1.016610e+03,6.783901e+02
1.016594e+03,6.784057e+02
1.016579e+03,6.784213e+02
1.016563e+03,6.784369e+02
1.016548e+03,6.784525e+02
1.016532e+03,6.784681e+02
1.016516e+03,6.784837e+02
1.016501e+03,6.784993e+02
1.016485e+03,6.785149e+02
1.016469e+03,6.785305e+02
1.016454e+03,6.785461e+02
1.016438e+03,6.785617e+02
1.016423e+03,6.785773e+02
1.016407e+03,6.785929e+02
1.016391e+03,6.786085e+02
1.016376e+03,6.786241e+02
1.016360e+03,6.786397e+02
1.016345e+03,6.786553e+02
1.016329e+03,6.786709e+02
1.016313e+03,6.786865e+02
1.016298e+03,6.787021e+02
1.016282e+03,6.787177e+02
1.016267e+03,6.787333e+02
1.016251e+03,6.787489e+02
1.016235e+03,6.787646e+02
1.016220e+03,6.787802e+02
1.016204e+03,6.787958e+02
1.016189e+03,6.788114e+02
1.016173e+03,6.788270e+02
1.016157e+03,6.788426e+02
1.016142e+03,6.788582e+02
1.016126e+03,6.788738e+02
1.016111e+03,6.788894e+02
1.016095e+03,6.789050e+02
1.016079e+03,6.789206e+02
1.016064e+03,6.789362e+02
1.016048e+03,6.789518e+02
1.016033e+03,6.789674e+02
1.016017e+03,6.789830e+02
1.016001e+03,6.789986e+02
1.015986e+03,6.790142e+02
1.015970e+03,6.790298e+02
1.015955e+03,6.790454e+02
1.015939e+03,6.790610e+02
1.015923e+03,6.790766e+02
1.015908e+03,6.790922e+02
1.015892e+03,6.791078e+02
1.015877e+03,6.791234e+02
1.015861e+03,6.791390e+02
1.015845e+03,6.791546e+02
1.015830e+03,6.791702e+02
1.015814e+03,6.791858e+02
1.015799e+03,6.792014e+02
1.015783e+03,6.792170e+02
1.015767e+03,6.792326e+02
1.015752e+03,6.792482e+02
1.015736e+03,6.792639e+02
1.015721e+03,6.792795e+02
1.015705e+03,6.792951e+02
1.015689e+03,6.793107e+02
1.015674e+03,6.793263e+02
1.015658e+03,6.793419e+02
1.015643e+03,6.793575e+02
1.015627e+03,6.793731e+02
1.015611e+03,6.793887e+02
1.015596e+03,6.794043e+02
1.015580e+03,6.794199e+02
1.015565e+03,6.794355e+02
1.015549e+03,6.794511e+02
1.015533e+03,6.794667e+02
1.015518e+03,6.794823e+02
1.015502e+03,6.794979e+02
1.015486e+03,6.795135e+02
1.015471e+03,6.795291e+02
1.015455e+03,6.795447e+02
1.015440e+03,6.795603e+02
1.015424e+03,6.795759e+02
1.015408e+03,6.795915e+02
1.015393e+03,6.796071e+02
1.015377e+03,6.796227e+02
1.015362e+03,6.796383e+02
1.015346e+03,6.796539e+02
1.015330e+03,6.796695e+02
1.015315e+03,6.796851e+02
1.015299e+03,6.797007e+02
1.015284e+03,6.797163e+02
1.015268e+03,6.797319e+02
1.015252e+03,6.797475e+02
1.015237e+03,6.797632e+02
1.015221e+03,6.797788e+02
1.015206e+03,6.797944e+02
1.015190e+03,6.798100e+02
1.015174e+03,6.798256e+02
1.015159e+03,6.798412e+02
1.015143e+03,6.798568e+02
1.015128e+03,6.798724e+02
1.015112e+03,6.798880e+02
1.015096e+03,6.799036e+02
1.015081e+03,6.799192e+02
1.015065e+03,6.799348e+02
1.015050e+03,6.799504e+02
1.015034e+03,6.799660e+02
1.015018e+03,6.799816e+02
1.015003e+03,6.799972e+02
1015,6.800128e+02
1015,6.800284e+02
1015,6.800440e+02
1015,6.800596e+02
1015,6.800752e+02
1015,6.800908e+02
1015,6.801064e+02
1015,6.801220e+02
1015,6.801376e+02
1015,6.801532e+02
1015,6.801688e+02
1015,6.801844e+02
1015,6.802000e+02
1015,6.802156e+02
1015,6.802312e+02
1015,6.802468e+02
1015,6.802625e+02
1015,6.802781e+02
1015,6.802937e+02
1015,6.803093e+02
1015,6.803249e+02
1015,6.803405e+02
1015,6.803561e+02
1015,6.803717e+02
1015,6.803873e+02
1015,6.804029e+02
1015,6.804185e+02
1015,6.804341e+02
1015,6.804497e+02
1015,6.804653e+02
1015,6.804809e+02
1015,6.804965e+02
1015,6.805121e+02
1015,6.805277e+02
1015,6.805433e+02
1015,6.805589e+02
1015,6.805745e+02
1015,6.805901e+02
1015,6.806057e+02
1015,6.806213e+02
1015,6.806369e+02
1015,6.806525e+02
1015,6.806681e+02
1015,6.806837e+02
1015,6.806993e+02
1015,6.807149e+02
1015,6.807305e+02
1015,6.807461e+02
1015,6.807618e+02
1015,6.807774e+02
1015,6.807930e+02
1015,6.808086e+02
1015,6.808242e+02
1015,6.808398e+02
1015,6.808554e+02
1015,6.808710e+02
1015,6.808866e+02
1015,6.809022e+02
1015,6.809178e+02
1015,6.809334e+02
1015,6.809490e+02
1015,6.809646e+02
1015,6.809802e+02
1015,6.809958e+02
1015,6.810114e+02
1015,6.810270e+02
1015,6.810426e+02
1015,6.810582e+02
1015,6.810738e+02
1015,6.810894e+02
1015,6.811050e+02
1015,6.811206e+02
1015,6.811362e+02
1015,6.811518e+02
1015,6.811674e+02
1015,6.811830e+02
1015,6.811986e+02
1015,6.812142e+02
1015,6.812298e+02
1015,6.812454e+02
1015,6.812611e+02
1015,6.812767e+02
1015,6.812923e+02
1015,6.813079e+02
1015,6.813235e+02
1015,6.813391e+02
1015,6.813547e+02
1015,6.813703e+02
1015,6.813859e+02
1015,6.814015e+02
1015,6.814171e+02
1015,6.814327e+02
1015,6.814483e+02
1015,6.814639e+02
1015,6.814795e+02
1015,6.814951e+02
1015,6.815107e+02
1015,6.815263e+02
1015,6.815419e+02
1015,6.815575e+02
1015,6.815731e+02
1015,6.815887e+02
1015,6.816043e+02
1015,6.816199e+02
1015,6.816355e+02
1015,6.816511e+02
1015,6.816667e+02
1015,6.816823e+02
1015,6.816979e+02
1015,6.817135e+02
1015,6.817291e+02
1015,6.817447e+02
1015,6.817604e+02
1015,6.817760e+02
1015,6.817916e+02
1015,6.818072e+02
1015,6.818228e+02
1015,6.818384e+02
1015,6.818540e+02
1015,6.818696e+02
1015,6.818852e+02
1015,6.819008e+02
1015,6.819164e+02
1015,6.819320e+02
1015,6.819476e+02
1015,6.819632e+02
1015,6.819788e+02
1015,6.819944e+02
1015,6.820100e+02
1015,6.820256e+02
1015,6.820412e+02
1015,6.820568e+02
1015,6.820724e+02
1015,6.820880e+02
1015,6.821036e+02
1015,6.821192e+02
1015,6.821348e+02
1015,6.821504e+02
1015,6.821660e+02
1015,6.821816e+02
1015,6.821972e+02
1015,6.822128e+02
1015,6.822284e+02
1015,6.822440e+02
1015,6.822597e+02
1015,6.822753e+02
1015,6.822909e+02
1015,6.823065e+02
1015,6.823221e+02
1015,6.823377e+02
1015,6.823533e+02
1015,6.823689e+02
1015,6.823845e+02
1015,6.824001e+02
1015,6.824157e+02
1015,6.824313e+02
1015,6.824469e+02
1015,6.824625e+02
1015,6.824781e+02
1015,6.824937e+02
1015,6.825093e+02
1015,6.825249e+02
1015,6.825405e+02
1015,6.825561e+02
1015,6.825717e+02
1015,6.825873e+02
1015,6.826029e+02
1015,6.826185e+02
1015,6.826341e+02
1015,6.826497e+02
1015,6.826653e+02
1015,6.826809e+02
1015,6.826965e+02
1015,6.827121e+02
1015,6.827277e+02
1015,6.827433e+02
1015,6.827590e+02
1015,6.827746e+02
1015,6.827902e+02
1015,6.828058e+02
1015,6.828214e+02
1015,6.828370e+02
1015,6.828526e+02
1015,6.828682e+02
1015,6.828838e+02
1015,6.828994e+02
1015,6.829150e+02
1015,6.829306e+02
1015,6.829462e+02
1015,6.829618e+02
1015,6.829774e+02
1015,6.829930e+02
1015,6.830086e+02
1015,6.830242e+02
1015,6.830398e+02
1015,6.830554e+02
1015,6.830710e+02
1015,6.830866e+02
1015,6.831022e+02
1015,6.831178e+02
1015,6.831334e+02
1015,6.831490e+02
1015,6.831646e+02
1015,6.831802e+02
1015,6.831958e+02
1015,6.832114e+02
1015,6.832270e+02
1015,6.832426e+02
1015,6.832583e+02
1015,6.832739e+02
1015,6.832895e+02
1015,6.833051e+02
1015,6.833207e+02
1015,6.833363e+02
1015,6.833519e+02
1015,6.833675e+02
1015,6.833831e+02
1015,6.833987e+02
1015,6.834143e+02
1015,6.834299e+02
1015,6.834455e+02
1015,6.834611e+02
1015,6.834767e+02
1015,6.834923e+02
1015,6.835079e+02
1015,6.835235e+02
1015,6.835391e+02
1015,6.835547e+02
1015,6.835703e+02
1015,6.835859e+02
1015,6.836015e+02
1015,6.836171e+02
1015,6.836327e+02
1015,6.836483e+02
1015,6.836639e+02
1015,6.836795e+02
1015,6.836951e+02
1015,6.837107e+02
1015,6.837263e+02
1015,6.837419e+02
1015,6.837576e+02
1015,6.837732e+02
1015,6.837888e+02
1015,6.838044e+02
1015,6.838200e+02
1015,6.838356e+02
1015,6.838512e+02
1015,6.838668e+02
1015,6.838824e+02
1015,6.838980e+02
1015,6.839136e+02
1015,6.839292e+02
1015,6.839448e+02
1015,6.839604e+02
1015,6.839760e+02
1015,6.839916e+02
1015,6.840072e+02
1015,6.840228e+02
1015,6.840384e+02
1015,6.840540e+02
1015,6.840696e+02
1015,6.840852e+02
1015,6.841008e+02
1015,6.841164e+02
1015,6.841320e+02
1015,6.841476e+02
1015,6.841632e+02
1015,6.841788e+02
1015,6.841944e+02
1015,6.842100e+02
1015,6.842256e+02
1015,6.842412e+02
1015,6.842569e+02
1015,6.842725e+02
1015,6.842881e+02
1015,6.843037e+02
1015,6.843193e+02
1015,6.843349e+02
1015,6.843505e+02
1015,6.843661e+02
1015,6.843817e+02
1015,6.843973e+02
1015,6.844129e+02
1015,6.844285e+02
1015,6.844441e+02
1015,6.844597e+02
1015,6.844753e+02
1015,6.844909e+02
1015,6.845065e+02
1015,6.845221e+02
1015,6.845377e+02
1015,6.845533e+02
1015,6.845689e+02
1015,6.845845e+02
1015,6.846001e+02
1015,6.846157e+02
1015,6.846313e+02
1015,6.846469e+02
1015,6.846625e+02
1015,6.846781e+02
1015,6.846937e+02
1015,6.847093e+02
1015,6.847249e+02
1015,6.847405e+02
1015,6.847562e+02
1015,6.847718e+02
1015,6.847874e+02
1015,6.848030e+02
1015,6.848186e+02
1015,6.848342e+02
1015,6.848498e+02
1015,6.848654e+02
1015,6.848810e+02
1015,6.848966e+02
1015,6.849122e+02
1015,6.849278e+02
1015,6.849434e+02
1015,6.849590e+02
1015,6.849746e+02
1015,6.849902e+02
1015,6.850058e+02
1015,6.850214e+02
1015,6.850370e+02
1015,6.850526e+02
1015,6.850682e+02
1015,6.850838e+02
1015,6.850994e+02
1015,6.851150e+02
1015,6.851306e+02
1015,6.851462e+02
1015,6.851618e+02
1015,6.851774e+02
1015,6.851930e+02
1015,6.852086e+02
1015,6.852242e+02
1015,6.852398e+02
1015,6.852555e+02
1015,6.852711e+02
1015,6.852867e+02
1015,6.853023e+02
1015,6.853179e+02
1015,6.853335e+02
1015,6.853491e+02
1015,6.853647e+02
1015,6.853803e+02
1015,6.853959e+02
1015,6.854115e+02
1015,6.854271e+02
1015,6.854427e+02
1015,6.854583e+02
1015,6.854739e+02
1015,6.854895e+02
1015,6.855051e+02
1015,6.855207e+02
1015,6.855363e+02
1015,6.855519e+02
1015,6.855675e+02
1015,6.855831e+02
1015,6.855987e+02
1015,6.856143e+02
1015,6.856299e+02
1015,6.856455e+02
1015,6.856611e+02
1015,6.856767e+02
1015,6.856923e+02
1015,6.857079e+02
1015,6.857235e+02
1015,6.857391e+02
1015,6.857548e+02
1015,6.857704e+02
1015,6.857860e+02
1015,6.858016e+02
1015,6.858172e+02
1015,6.858328e+02
1015,6.858484e+02
1015,6.858640e+02
1015,6.858796e+02
1015,6.858952e+02
1015,6.859108e+02
1015,6.859264e+02
1015,6.859420e+02
1015,6.859576e+02
1015,6.859732e+02
1015,6.859888e+02
1015,6.860044e+02
1015,6.860200e+02
1015,6.860356e+02
1015,6.860512e+02
1015,6.860668e+02
1015,6.860824e+02
1015,6.860980e+02
1015,6.861136e+02
1015,6.861292e+02
1015,6.861448e+02
1015,6.861604e+02
1015,6.861760e+02
1015,6.861916e+02
1015,6.862072e+02
1015,6.862228e+02
1015,6.862384e+02
1015,6.862541e+02
1015,6.862697e+02
1015,6.862853e+02
1015,6.863009e+02
1015,6.863165e+02
1015,6.863321e+02
1015,6.863477e+02
1015,6.863633e+02
1015,6.863789e+02
1015,6.863945e+02
1015,6.864101e+02
1015,6.864257e+02
1015,6.864413e+02
1015,6.864569e+02
1015,6.864725e+02
1015,6.864881e+02
1015,6.865037e+02
1015,6.865193e+02
1015,6.865349e+02
1015,6.865505e+02
1015,6.865661e+02
1015,6.865817e+02
1015,6.865973e+02
1015,6.866129e+02
1015,6.866285e+02
1015,6.866441e+02
1015,6.866597e+02
1015,6.866753e+02
1015,6.866909e+02
1015,6.867065e+02
1015,6.867221e+02
1015,6.867377e+02
1015,6.867534e+02
1015,6.867690e+02
1015,6.867846e+02
1015,6.868002e+02
1015,6.868158e+02
1015,6.868314e+02
1015,6.868470e+02
1015,6.868626e+02
1015,6.868782e+02
1015,6.868938e+02
1015,6.869094e+02
1015,6.869250e+02
1015,6.869406e+02
1015,6.869562e+02
1015,6.869718e+02
1015,6.869874e+02
1.014997e+03,6.870030e+02
1.014981e+03,6.870186e+02
1.014966e+03,6.870342e+02
1.014950e+03,6.870498e+02
1.014935e+03,6.870654e+02
1.014919e+03,6.870810e+02
1.014903e+03,6.870966e+02
1.014888e+03,6.871122e+02
1.014872e+03,6.871278e+02
1.014857e+03,6.871434e+02
1.014841e+03,6.871590e+02
1.014825e+03,6.871746e+02
1.014810e+03,6.871902e+02
1.014794e+03,6.872058e+02
1.014779e+03,6.872214e+02
1.014763e+03,6.872370e+02
1.014747e+03,6.872527e+02
1.014732e+03,6.872683e+02
1.014716e+03,6.872839e+02
1.014701e+03,6.872995e+02
1.014685e+03,6.873151e+02
1.014669e+03,6.873307e+02
1.014654e+03,6.873463e+02
1.014638e+03,6.873619e+02
1.014623e+03,6.873775e+02
1.014607e+03,6.873931e+02
1.014591e+03,6.874087e+02
1.014576e+03,6.874243e+02
1.014560e+03,6.874399e+02
1.014545e+03,6.874555e+02
1.014529e+03,6.874711e+02
1.014513e+03,6.874867e+02
1.014498e+03,6.875023e+02
1.014482e+03,6.875179e+02
1.014466e+03,6.875335e+02
1.014451e+03,6.875491e+02
1.014435e+03,6.875647e+02
1.014420e+03,6.875803e+02
1.014404e+03,6.875959e+02
1.014388e+03,6.876115e+02
1.014373e+03,6.876271e+02
1.014357e+03,6.876427e+02
1.014342e+03,6.876583e+02
1.014326e+03,6.876739e+02
1.014310e+03,6.876895e+02
1.014295e+03,6.877051e+02
1.014279e+03,6.877207e+02
1.014264e+03,6.877363e+02
1.014248e+03,6.877520e+02
1.014232e+03,6.877676e+02
1.014217e+03,6.877832e+02
1.014201e+03,6.877988e+02
1.014186e+03,6.878144e+02
1.014170e+03,6.878300e+02
1.014154e+03,6.878456e+02
1.014139e+03,6.878612e+02
1.014123e+03,6.878768e+02
1.014108e+03,6.878924e+02
1.014092e+03,6.879080e+02
1.014076e+03,6.879236e+02
1.014061e+03,6.879392e+02
1.014045e+03,6.879548e+02
1.014030e+03,6.879704e+02
1.014014e+03,6.879860e+02
1.013998e+03,6.880016e+02
1.013983e+03,6.880172e+02
1.013967e+03,6.880328e+02
1.013952e+03,6.880484e+02
1.013936e+03,6.880640e+02
1.013920e+03,6.880796e+02
1.013905e+03,6.880952e+02
1.013889e+03,6.881108e+02
1.013874e+03,6.881264e+02
1.013858e+03,6.881420e+02
1.013842e+03,6.881576e+02
1.013827e+03,6.881732e+02
1.013811e+03,6.881888e+02
1.013796e+03,6.882044e+02
1.013780e+03,6.882200e+02
1.013764e+03,6.882356e+02
1.013749e+03,6.882513e+02
1.013733e+03,6.882669e+02
1.013718e+03,6.882825e+02
1.013702e+03,6.882981e+02
1.013686e+03,6.883137e+02
1.013671e+03,6.883293e+02
1.013655e+03,6.883449e+02
1.013640e+03,6.883605e+02
1.013624e+03,6.883761e+02
1.013608e+03,6.883917e+02
1.013593e+03,6.884073e+02
1.013577e+03,6.884229e+02
1.013562e+03,6.884385e+02
1.013546e+03,6.884541e+02
1.013530e+03,6.884697e+02
1.013515e+03,6.884853e+02
1.013499e+03,6.885009e+02
1.013483e+03,6.885165e+02
1.013468e+03,6.885321e+02
1.013452e+03,6.885477e+02
1.013437e+03,6.885633e+02
1.013421e+03,6.885789e+02
1.013405e+03,6.885945e+02
1.013390e+03,6.886101e+02
1.013374e+03,6.886257e+02
1.013359e+03,6.886413e+02
1.013343e+03,6.886569e+02
1.013327e+03,6.886725e+02
1.013312e+03,6.886881e+02
1.013296e+03,6.887037e+02
1.013281e+03,6.887193e+02
1.013265e+03,6.887349e+02
1.013249e+03,6.887506e+02
1.013234e+03,6.887662e+02
1.013218e+03,6.887818e+02
1.013203e+03,6.887974e+02
1.013187e+03,6.888130e+02
1.013171e+03,6.888286e+02
1.013156e+03,6.888442e+02
1.013140e+03,6.888598e+02
1.013125e+03,6.888754e+02
1.013109e+03,6.888910e+02
1.013093e+03,6.889066e+02
1.013078e+03,6.889222e+02
1.013062e+03,6.889378e+02
1.013047e+03,6.889534e+02
1.013031e+03,6.889690e+02
1.013015e+03,6.889846e+02
1.013000e+03,6.890002e+02
1.012984e+03,6.890158e+02
1.012969e+03,6.890314e+02
1.012953e+03,6.890470e+02
1.012937e+03,6.890626e+02
1.012922e+03,6.890782e+02
1.012906e+03,6.890938e+02
1.012891e+03,6.891094e+02
1.012875e+03,6.891250e+02
1.012859e+03,6.891406e+02
1.012844e+03,6.891562e+02
1.012828e+03,6.891718e+02
1.012813e+03,6.891874e+02
1.012797e+03,6.892030e+02
1.012781e+03,6.892186e+02
1.012766e+03,6.892342e+02
1.012750e+03,6.892498e+02
1.012735e+03,6.892655e+02
1.012719e+03,6.892811e+02
1.012703e+03,6.892967e+02
1.012688e+03,6.893123e+02
1.012672e+03,6.893279e+02
1.012657e+03,6.893435e+02
1.012641e+03,6.893591e+02
1.012625e+03,6.893747e+02
1.012610e+03,6.893903e+02
1.012594e+03,6.894059e+02
1.012579e+03,6.894215e+02
1.012563e+03,6.894371e+02
1.012547e+03,6.894527e+02
1.012532e+03,6.894683e+02
1.012516e+03,6.894839e+02
1.012501e+03,6.894995e+02
1.012485e+03,6.895151e+02
1.012469e+03,6.895307e+02
1.012454e+03,6.895463e+02
1.012438e+03,6.895619e+02
1.012422e+03,6.895775e+02
1.012407e+03,6.895931e+02
1.012391e+03,6.896087e+02
1.012376e+03,6.896243e+02
1.012360e+03,6.896399e+02
1.012344e+03,6.896555e+02
1.012329e+03,6.896711e+02
1.012313e+03,6.896867e+02
1.012298e+03,6.897023e+02
1.012282e+03,6.897179e+02
1.012266e+03,6.897335e+02
1.012251e+03,6.897491e+02
1.012235e+03,6.897648e+02
1.012220e+03,6.897804e+02
1.012204e+03,6.897960e+02
1.012188e+03,6.898116e+02
1.012173e+03,6.898272e+02
1.012157e+03,6.898428e+02
1.012142e+03,6.898584e+02
1.012126e+03,6.898740e+02
1.012110e+03,6.898896e+02
1.012095e+03,6.899052e+02
1.012079e+03,6.899208e+02
1.012064e+03,6.899364e+02
1.012048e+03,6.899520e+02
1.012032e+03,6.899676e+02
1.012017e+03,6.899832e+02
1.012001e+03,6.899988e+02
1.011986e+03,6.900144e+02
1.011970e+03,6.900300e+02
1.011954e+03,6.900456e+02
1.011939e+03,6.900612e+02
1.011923e+03,6.900768e+02
1.011908e+03,6.900924e+02
1.011892e+03,6.901080e+02
1.011876e+03,6.901236e+02
1.011861e+03,6.901392e+02
1.011845e+03,6.901548e+02
1.011830e+03,6.901704e+02
1.011814e+03,6.901860e+02
1.011798e+03,6.902016e+02
1.011783e+03,6.902172e+02
1.011767e+03,6.902328e+02
1.011752e+03,6.902484e+02
1.011736e+03,6.902641e+02
1.011720e+03,6.902797e+02
1.011705e+03,6.902953e+02
1.011689e+03,6.903109e+02
1.011674e+03,6.903265e+02
1.011658e+03,6.903421e+02
1.011642e+03,6.903577e+02
1.011627e+03,6.903733e+02
1.011611e+03,6.903889e+02
1.011596e+03,6.904045e+02
1.011580e+03,6.904201e+02
1.011564e+03,6.904357e+02
1.011549e+03,6.904513e+02
1.011533e+03,6.904669e+02
1.011518e+03,6.904825e+02
1.011502e+03,6.904981e+02
1.011486e+03,6.905137e+02
1.011471e+03,6.905293e+02
1.011455e+03,6.905449e+02
1.011439e+03,6.905605e+02
1.011424e+03,6.905761e+02
1.011408e+03,6.905917e+02
1.011393e+03,6.906073e+02
1.011377e+03,6.906229e+02
1.011361e+03,6.906385e+02
1.011346e+03,6.906541e+02
1.011330e+03,6.906697e+02
1.011315e+03,6.906853e+02
1.011299e+03,6.907009e+02
1.011283e+03,6.907165e+02
1.011268e+03,6.907321e+02
1.011252e+03,6.907477e+02
1.011237e+03,6.907634e+02
1.011221e+03,6.907790e+02
1.011205e+03,6.907946e+02
1.011190e+03,6.908102e+02
1.011174e+03,6.908258e+02
1.011159e+03,6.908414e+02
1.011143e+03,6.908570e+02
1.011127e+03,6.908726e+02
1.011112e+03,6.908882e+02
1.011096e+03,6.909038e+02
1.011081e+03,6.909194e+02
1.011065e+03,6.909350e+02
1.011049e+03,6.909506e+02
1.011034e+03,6.909662e+02
1.011018e+03,6.909818e+02
1.011003e+03,6.909974e+02
1.010987e+03,691
1.010971e+03,691
1.010956e+03,691
1.010940e+03,691
1.010925e+03,691
1.010909e+03,691
1.010893e+03,691
1.010878e+03,691
1.010862e+03,691
1.010847e+03,691
1.010831e+03,691
1.010815e+03,691
1.010800e+03,691
1.010784e+03,691
1.010769e+03,691
1.010753e+03,691
1.010737e+03,691
1.010722e+03,691
1.010706e+03,691
1.010691e+03,691
1.010675e+03,691
1.010659e+03,691
1.010644e+03,691
1.010628e+03,691
1.010613e+03,691
1.010597e+03,691
1.010581e+03,691
1.010566e+03,691
1.010550e+03,691
1.010535e+03,691
1.010519e+03,691
1.010503e+03,691
1.010488e+03,691
1.010472e+03,691
1.010456e+03,691
1.010441e+03,691
1.010425e+03,691
1.010410e+03,691
1.010394e+03,691
1.010378e+03,691
1.010363e+03,691
1.010347e+03,691
1.010332e+03,691
1.010316e+03,691
1.010300e+03,691
1.010285e+03,691
1.010269e+03,691
1.010254e+03,691
1.010238e+03,691
1.010222e+03,691
1.010207e+03,691
1.010191e+03,691
1.010176e+03,691
1.010160e+03,691
1.010144e+03,691
1.010129e+03,691
1.010113e+03,691
1.010098e+03,691
1.010082e+03,691
1.010066e+03,691
1.010051e+03,691
1.010035e+03,691
1.010020e+03,691
1.010004e+03,691
1.009988e+03,691
1.009973e+03,691
1.009957e+03,691
1.009942e+03,691
1.009926e+03,691
1.009910e+03,691
1.009895e+03,691
1.009879e+03,691
1.009864e+03,691
1.009848e+03,691
1.009832e+03,691
1.009817e+03,691
1.009801e+03,691
1.009786e+03,691
1.009770e+03,691
1.009754e+03,691
1.009739e+03,691
1.009723e+03,691
1.009708e+03,691
1.009692e+03,691
1.009676e+03,691
1.009661e+03,691
1.009645e+03,691
1.009630e+03,691
1.009614e+03,691
1.009598e+03,691
1.009583e+03,691
1.009567e+03,691
1.009552e+03,691
1.009536e+03,691
1.009520e+03,691
1.009505e+03,691
1.009489e+03,691
1.009473e+03,691
1.009458e+03,691
1.009442e+03,691
1.009427e+03,691
1.009411e+03,691
1.009395e+03,691
1.009380e+03,691
1.009364e+03,691
1.009349e+03,691
1.009333e+03,691
1.009317e+03,691
1.009302e+03,691
1.009286e+03,691
1.009271e+03,691
1.009255e+03,691
1.009239e+03,691
1.009224e+03,691
1.009208e+03,691
1.009193e+03,691
1.009177e+03,691
1.009161e+03,691
1.009146e+03,691
1.009130e+03,691
1.009115e+03,691
1.009099e+03,691
1.009083e+03,691
1.009068e+03,691
1.009052e+03,691
1.009037e+03,691
1.009021e+03,691
1.009005e+03,691
1.008990e+03,691
1.008974e+03,691
1.008959e+03,691
1.008943e+03,691
1.008927e+03,691
1.008912e+03,691
1.008896e+03,691
1.008881e+03,691
1.008865e+03,691
1.008849e+03,691
1.008834e+03,691
1.008818e+03,691
1.008803e+03,691
1.008787e+03,691
1.008771e+03,691
1.008756e+03,691
1.008740e+03,691
1.008725e+03,691
1.008709e+03,691
1.008693e+03,691
1.008678e+03,691
1.008662e+03,691
1.008647e+03,691
1.008631e+03,691
1.008615e+03,691
1.008600e+03,691
1.008584e+03,691
1.008569e+03,691
1.008553e+03,691
1.008537e+03,691
1.008522e+03,691
1.008506e+03,691
1.008490e+03,691
1.008475e+03,691
1.008459e+03,691
1.008444e+03,691
1.008428e+03,691
1.008412e+03,691
1.008397e+03,691
1.008381e+03,691
1.008366e+03,691
1.008350e+03,691
1.008334e+03,691
1.008319e+03,691
1.008303e+03,691
1.008288e+03,691
1.008272e+03,691
1.008256e+03,691
1.008241e+03,691
1.008225e+03,691
1.008210e+03,691
1.008194e+03,691
1.008178e+03,691
1.008163e+03,691
1.008147e+03,691
1.008132e+03,691
1.008116e+03,691
1.008100e+03,691
1.008085e+03,691
1.008069e+03,691
1.008054e+03,691
1.008038e+03,691
1.008022e+03,691
1.008007e+03,691
1.007991e+03,691
1.007976e+03,691
1.007960e+03,691
1.007944e+03,691
1.007929e+03,691
1.007913e+03,691
1.007898e+03,691
1.007882e+03,691
1.007866e+03,691
1.007851e+03,691
1.007835e+03,691
1.007820e+03,691
1.007804e+03,691
1.007788e+03,691
1.007773e+03,691
1.007757e+03,691
1.007742e+03,691
1.007726e+03,691
1.007710e+03,691
1.007695e+03,691
1.007679e+03,691
1.007664e+03,691
1.007648e+03,691
1.007632e+03,691
1.007617e+03,691
1.007601e+03,691
1.007586e+03,691
1.007570e+03,691
1.007554e+03,691
1.007539e+03,691
1.007523e+03,691
1.007508e+03,691
1.007492e+03,691
1.007476e+03,691
1.007461e+03,691
1.007445e+03,691
1.007429e+03,691
1.007414e+03,691
1.007398e+03,691
1.007383e+03,691
1.007367e+03,691
1.007351e+03,691
1.007336e+03,691
1.007320e+03,691
1.007305e+03,691
1.007289e+03,691
1.007273e+03,691
1.007258e+03,691
1.007242e+03,691
1.007227e+03,691
1.007211e+03,691
1.007195e+03,691
1.007180e+03,691
1.007164e+03,691
1.007149e+03,691
1.007133e+03,691
1.007117e+03,691
1.007102e+03,691
1.007086e+03,691
1.007071e+03,691
1.007055e+03,691
1.007039e+03,691
1.007024e+03,691
1.007008e+03,691
1.006993e+03,6.909926e+02
1.006977e+03,6.909770e+02
1.006961e+03,6.909614e+02
1.006946e+03,6.909458e+02
1.006930e+03,6.909302e+02
1.006915e+03,6.909146e+02
1.006899e+03,6.908990e+02
1.006883e+03,6.908834e+02
1.006868e+03,6.908678e+02
1.006852e+03,6.908522e+02
1.006837e+03,6.908366e+02
1.006821e+03,6.908210e+02
1.006805e+03,6.908054e+02
1.006790e+03,6.907898e+02
1.006774e+03,6.907742e+02
1.006759e+03,6.907586e+02
1.006743e+03,6.907429e+02
1.006727e+03,6.907273e+02
1.006712e+03,6.907117e+02
1.006696e+03,6.906961e+02
1.006681e+03,6.906805e+02
1.006665e+03,6.906649e+02
1.006649e+03,6.906493e+02
1.006634e+03,6.906337e+02
1.006618e+03,6.906181e+02
1.006603e+03,6.906025e+02
1.006587e+03,6.905869e+02
1.006571e+03,6.905713e+02
1.006556e+03,6.905557e+02
1.006540e+03,6.905401e+02
1.006525e+03,6.905245e+02
1.006509e+03,6.905089e+02
1.006493e+03,6.904933e+02
1.006478e+03,6.904777e+02
1.006462e+03,6.904621e+02
1.006446e+03,6.904465e+02
1.006431e+03,6.904309e+02
1.006415e+03,6.904153e+02
1.006400e+03,6.903997e+02
1.006384e+03,6.903841e+02
1.006368e+03,6.903685e+02
1.006353e+03,6.903529e+02
1.006337e+03,6.903373e+02
1.006322e+03,6.903217e+02
1.006306e+03,6.903061e+02
1.006290e+03,6.902905e+02
1.006275e+03,6.902749e+02
1.006259e+03,6.902593e+02
1.006244e+03,6.902436e+02
1.006228e+03,6.902280e+02
1.006212e+03,6.902124e+02
1.006197e+03,6.901968e+02
1.006181e+03,6.901812e+02
1.006166e+03,6.901656e+02
1.006150e+03,6.901500e+02
1.006134e+03,6.901344e+02
1.006119e+03,6.901188e+02
1.006103e+03,6.901032e+02
1.006088e+03,6.900876e+02
1.006072e+03,6.900720e+02
1.006056e+03,6.900564e+02
1.006041e+03,6.900408e+02
1.006025e+03,6.900252e+02
1.006010e+03,6.900096e+02
1.005994e+03,6.899940e+02
1.005978e+03,6.899784e+02
1.005963e+03,6.899628e+02
1.005947e+03,6.899472e+02
1.005932e+03,6.899316e+02
1.005916e+03,6.899160e+02
1.005900e+03,6.899004e+02
1.005885e+03,6.898848e+02
1.005869e+03,6.898692e+02
1.005854e+03,6.898536e+02
1.005838e+03,6.898380e+02
1.005822e+03,6.898224e+02
1.005807e+03,6.898068e+02
1.005791e+03,6.897912e+02
1.005776e+03,6.897756e+02
1.005760e+03,6.897600e+02
1.005744e+03,6.897443e+02
1.005729e+03,6.897287e+02
1.005713e+03,6.897131e+02
1.005698e+03,6.896975e+02
1.005682e+03,6.896819e+02
1.005666e+03,6.896663e+02
1.005651e+03,6.896507e+02
1.005635e+03,6.896351e+02
1.005620e+03,6.896195e+02
1.005604e+03,6.896039e+02
1.005588e+03,6.895883e+02
1.005573e+03,6.895727e+02
1.005557e+03,6.895571e+02
1.005542e+03,6.895415e+02
1.005526e+03,6.895259e+02
1.005510e+03,6.895103e+02
1.005495e+03,6.894947e+02
1.005479e+03,6.894791e+02
1.005463e+03,6.894635e+02
1.005448e+03,6.894479e+02
1.005432e+03,6.894323e+02
1.005417e+03,6.894167e+02
1.005401e+03,6.894011e+02
1.005385e+03,6.893855e+02
1.005370e+03,6.893699e+02
1.005354e+03,6.893543e+02
1.005339e+03,6.893387e+02
1.005323e+03,6.893231e+02
1.005307e+03,6.893075e+02
1.005292e+03,6.892919e+02
1.005276e+03,6.892763e+02
1.005261e+03,6.892607e+02
1.005245e+03,6.892450e+02
1.005229e+03,6.892294e+02
1.005214e+03,6.892138e+02
1.005198e+03,6.891982e+02
1.005183e+03,6.891826e+02
1.005167e+03,6.891670e+02
1.005151e+03,6.891514e+02
1.005136e+03,6.891358e+02
1.005120e+03,6.891202e+02
1.005105e+03,6.891046e+02
1.005089e+03,6.890890e+02
1.005073e+03,6.890734e+02
1.005058e+03,6.890578e+02
1.005042e+03,6.890422e+02
1.005027e+03,6.890266e+02
1.005011e+03,6.890110e+02
1.004995e+03,6.889954e+02
1.004980e+03,6.889798e+02
1.004964e+03,6.889642e+02
1.004949e+03,6.889486e+02
1.004933e+03,6.889330e+02
1.004917e+03,6.889174e+02
1.004902e+03,6.889018e+02
1.004886e+03,6.888862e+02
1.004871e+03,6.888706e+02
1.004855e+03,6.888550e+02
1.004839e+03,6.888394e+02
1.004824e+03,6.888238e+02
1.004808e+03,6.888082e+02
1.004793e+03,6.887926e+02
1.004777e+03,6.887770e+02
1.004761e+03,6.887614e+02
1.004746e+03,6.887457e+02
1.004730e+03,6.887301e+02
1.004715e+03,6.887145e+02
1.004699e+03,6.886989e+02
1.004683e+03,6.886833e+02
1.004668e+03,6.886677e+02
1.004652e+03,6.886521e+02
1.004637e+03,6.886365e+02
1.004621e+03,6.886209e+02
1.004605e+03,6.886053e+02
1.004590e+03,6.885897e+02
1.004574e+03,6.885741e+02
1.004559e+03,6.885585e+02
1.004543e+03,6.885429e+02
1.004527e+03,6.885273e+02
1.004512e+03,6.885117e+02
1.004496e+03,6.884961e+02
1.004480e+03,6.884805e+02
1.004465e+03,6.884649e+02
1.004449e+03,6.884493e+02
1.004434e+03,6.884337e+02
1.004418e+03,6.884181e+02
1.004402e+03,6.884025e+02
1.004387e+03,6.883869e+02
1.004371e+03,6.883713e+02
1.004356e+03,6.883557e+02
1.004340e+03,6.883401e+02
1.004324e+03,6.883245e+02
1.004309e+03,6.883089e+02
1.004293e+03,6.882933e+02
1.004278e+03,6.882777e+02
1.004262e+03,6.882621e+02
1.004246e+03,6.882464e+02
1.004231e+03,6.882308e+02
1.004215e+03,6.882152e+02
1.004200e+03,6.881996e+02
1.004184e+03,6.881840e+02
1.004168e+03,6.881684e+02
1.004153e+03,6.881528e+02
1.004137e+03,6.881372e+02
1.004122e+03,6.881216e+02
1.004106e+03,6.881060e+02
1.004090e+03,6.880904e+02
1.004075e+03,6.880748e+02
1.004059e+03,6.880592e+02
1.004044e+03,6.880436e+02
1.004028e+03,6.880280e+02
1.004012e+03,6.880124e+02
1.003997e+03,688
1.003981e+03,688
1.003966e+03,688
1.003950e+03,688
1.003934e+03,688
1.003919e+03,688
1.003903e+03,688
1.003888e+03,688
1.003872e+03,688
1.003856e+03,688
1.003841e+03,688
1.003825e+03,688
1.003810e+03,688
1.003794e+03,688
1.003778e+03,688
1.003763e+03,688
1.003747e+03,688
1.003732e+03,688
1.003716e+03,688
1.003700e+03,688
1.003685e+03,688
1.003669e+03,688
1.003654e+03,688
1.003638e+03,688
1.003622e+03,688
1.003607e+03,688
1.003591e+03,688
1.003576e+03,688
1.003560e+03,688
1.003544e+03,688
1.003529e+03,688
1.003513e+03,688
1.003497e+03,688
1.003482e+03,688
1.003466e+03,688
1.003451e+03,688
1.003435e+03,688
1.003419e+03,688
1.003404e+03,688
1.003388e+03,688
1.003373e+03,688
1.003357e+03,688
1.003341e+03,688
1.003326e+03,688
1.003310e+03,688
1.003295e+03,688
1.003279e+03,688
1.003263e+03,688
1.003248e+03,688
1.003232e+03,688
1.003217e+03,688
1.003201e+03,688
1.003185e+03,688
1.003170e+03,688
1.003154e+03,688
1.003139e+03,688
1.003123e+03,688
1.003107e+03,688
1.003092e+03,688
1.003076e+03,688
1.003061e+03,688
1.003045e+03,688
1.003029e+03,688
1.003014e+03,688
1.002998e+03,688
1.002983e+03,688
1.002967e+03,688
1.002951e+03,688
1.002936e+03,688
1.002920e+03,688
1.002905e+03,688
1.002889e+03,688
1.002873e+03,688
1.002858e+03,688
1.002842e+03,688
1.002827e+03,688
1.002811e+03,688
1.002795e+03,688
1.002780e+03,688
1.002764e+03,688
1.002749e+03,688
1.002733e+03,688
1.002717e+03,688
1.002702e+03,688
1.002686e+03,688
1.002671e+03,688
1.002655e+03,688
1.002639e+03,688
1.002624e+03,688
1.002608e+03,688
1.002593e+03,688
1.002577e+03,688
1.002561e+03,688
1.002546e+03,688
1.002530e+03,688
1.002515e+03,688
1.002499e+03,688
1.002483e+03,688
1.002468e+03,688
1.002452e+03,688
1.002436e+03,688
1.002421e+03,688
1.002405e+03,688
1.002390e+03,688
1.002374e+03,688
1.002358e+03,688
1.002343e+03,688
1.002327e+03,688
1.002312e+03,688
1.002296e+03,688
1.002280e+03,688
1.002265e+03,688
1.002249e+03,688
1.002234e+03,688
1.002218e+03,688
1.002202e+03,688
1.002187e+03,688
1.002171e+03,688
1.002156e+03,688
1.002140e+03,688
1.002124e+03,688
1.002109e+03,688
1.002093e+03,688
1.002078e+03,688
1.002062e+03,688
1.002046e+03,688
1.002031e+03,688
1.002015e+03,688
1.002000e+03,688
1.001984e+03,688
1.001968e+03,688
1.001953e+03,688
1.001937e+03,688
1.001922e+03,688
1.001906e+03,688
1.001890e+03,688
1.001875e+03,688
1.001859e+03,688
1.001844e+03,688
1.001828e+03,688
1.001812e+03,688
1.001797e+03,688
1.001781e+03,688
1.001766e+03,688
1.001750e+03,688
1.001734e+03,688
1.001719e+03,688
1.001703e+03,688
1.001688e+03,688
1.001672e+03,688
1.001656e+03,688
1.001641e+03,688
1.001625e+03,688
1.001610e+03,688
1.001594e+03,688
1.001578e+03,688
1.001563e+03,688
1.001547e+03,688
1.001532e+03,688
1.001516e+03,688
1.001500e+03,688
1.001485e+03,688
1.001469e+03,688
1.001453e+03,688
1.001438e+03,688
1.001422e+03,688
1.001407e+03,688
1.001391e+03,688
1.001375e+03,688
1.001360e+03,688
1.001344e+03,688
1.001329e+03,688
1.001313e+03,688
1.001297e+03,688
1.001282e+03,688
1.001266e+03,688
1.001251e+03,688
1.001235e+03,688
1.001219e+03,688
1.001204e+03,688
1.001188e+03,688
1.001173e+03,688
1.001157e+03,688
1.001141e+03,688
1.001126e+03,688
1.001110e+03,688
1.001095e+03,688
1.001079e+03,688
1.001063e+03,688
1.001048e+03,688
1.001032e+03,688
1.001017e+03,688
1.001001e+03,688
1.000985e+03,688
1.000970e+03,688
1.000954e+03,688
1.000939e+03,688
1.000923e+03,688
1.000907e+03,688
1.000892e+03,688
1.000876e+03,688
1.000861e+03,688
1.000845e+03,688
1.000829e+03,688
1.000814e+03,688
1.000798e+03,688
1.000783e+03,688
1.000767e+03,688
1.000751e+03,688
1.000736e+03,688
1.000720e+03,688
1.000705e+03,688
1.000689e+03,688
1.000673e+03,688
1.000658e+03,688
1.000642e+03,688
1.000627e+03,688
1.000611e+03,688
1.000595e+03,688
1.000580e+03,688
1.000564e+03,688
1.000549e+03,688
1.000533e+03,688
1.000517e+03,688
1.000502e+03,688
1.000486e+03,688
1.000470e+03,688
1.000455e+03,688
1.000439e+03,688
1.000424e+03,688
1.000408e+03,688
1.000392e+03,688
1.000377e+03,688
1.000361e+03,688
1.000346e+03,688
1.000330e+03,688
1.000314e+03,688
1.000299e+03,688
1.000283e+03,688
1.000268e+03,688
1.000252e+03,688
1.000236e+03,688
1.000221e+03,688
1.000205e+03,688
1.000190e+03,688
1.000174e+03,688
1.000158e+03,688
1.000143e+03,688
1.000127e+03,688
1.000112e+03,688
1.000096e+03,688
1.000080e+03,688
1.000065e+03,688
1.000049e+03,688
1.000034e+03,688
1.000018e+03,688
1.000002e+03,688
9.999868e+02,688
9.999712e+02,688
9.999556e+02,688
9.999400e+02,688
9.999244e+02,688
9.999088e+02,688
9.998932e+02,688
9.998776e+02,688
9.998620e+02,688
9.998464e+02,688
9.998308e+02,688
9.998152e+02,688
9.997996e+02,688
9.997840e+02,688
9.997684e+02,688
9.997528e+02,688
9.997371e+02,688
9.997215e+02,688
9.997059e+02,688
9.996903e+02,688
9.996747e+02,688
9.996591e+02,688
9.996435e+02,688
9.996279e+02,688
9.996123e+02,688
9.995967e+02,688
9.995811e+02,688
9.995655e+02,688
9.995499e+02,688
9.995343e+02,688
9.995187e+02,688
9.995031e+02,688
9.994875e+02,688
9.994719e+02,688
9.994563e+02,688
9.994407e+02,688
9.994251e+02,688
9.994095e+02,688
9.993939e+02,688
9.993783e+02,688
9.993627e+02,688
9.993471e+02,688
9.993315e+02,688
9.993159e+02,688
9.993003e+02,688
9.992847e+02,688
9.992691e+02,688
9.992535e+02,688
9.992378e+02,688
9.992222e+02,688
9.992066e+02,688
9.991910e+02,688
9.991754e+02,688
9.991598e+02,688
9.991442e+02,688
9.991286e+02,688
9.991130e+02,688
9.990974e+02,688
9.990818e+02,688
9.990662e+02,688
9.990506e+02,688
9.990350e+02,688
9.990194e+02,688
9.990038e+02,688
9.989882e+02,6.880118e+02
9.989726e+02,6.880274e+02
9.989570e+02,6.880430e+02
9.989414e+02,6.880586e+02
9.989258e+02,6.880742e+02
9.989102e+02,6.880898e+02
9.988946e+02,6.881054e+02
9.988790e+02,6.881210e+02
9.988634e+02,6.881366e+02
9.988478e+02,6.881522e+02
9.988322e+02,6.881678e+02
9.988166e+02,6.881834e+02
9.988010e+02,6.881990e+02
9.987854e+02,6.882146e+02
9.987698e+02,6.882302e+02
9.987542e+02,6.882458e+02
9.987385e+02,6.882615e+02
9.987229e+02,6.882771e+02
9.987073e+02,6.882927e+02
9.986917e+02,6.883083e+02
9.986761e+02,6.883239e+02
9.986605e+02,6.883395e+02
9.986449e+02,6.883551e+02
9.986293e+02,6.883707e+02
9.986137e+02,6.883863e+02
9.985981e+02,6.884019e+02
9.985825e+02,6.884175e+02
9.985669e+02,6.884331e+02
9.985513e+02,6.884487e+02
9.985357e+02,6.884643e+02
9.985201e+02,6.884799e+02
9.985045e+02,6.884955e+02
9.984889e+02,6.885111e+02
9.984733e+02,6.885267e+02
9.984577e+02,6.885423e+02
9.984421e+02,6.885579e+02
9.984265e+02,6.885735e+02
9.984109e+02,6.885891e+02
9.983953e+02,6.886047e+02
9.983797e+02,6.886203e+02
9.983641e+02,6.886359e+02
9.983485e+02,6.886515e+02
9.983329e+02,6.886671e+02
9.983173e+02,6.886827e+02
9.983017e+02,6.886983e+02
9.982861e+02,6.887139e+02
9.982705e+02,6.887295e+02
9.982549e+02,6.887451e+02
9.982392e+02,6.887608e+02
9.982236e+02,6.887764e+02
9.982080e+02,6.887920e+02
9.981924e+02,6.888076e+02
9.981768e+02,6.888232e+02
9.981612e+02,6.888388e+02
9.981456e+02,6.888544e+02
9.981300e+02,6.888700e+02
9.981144e+02,6.888856e+02
9.980988e+02,6.889012e+02
9.980832e+02,6.889168e+02
9.980676e+02,6.889324e+02
9.980520e+02,6.889480e+02
9.980364e+02,6.889636e+02
9.980208e+02,6.889792e+02
9.980052e+02,6.889948e+02
998,6.890104e+02
998,6.890260e+02
998,6.890416e+02
998,6.890572e+02
998,6.890728e+02
998,6.890884e+02
998,6.891040e+02
998,6.891196e+02
998,6.891352e+02
998,6.891508e+02
998,6.891664e+02
998,6.891820e+02
998,6.891976e+02
998,6.892132e+02
998,6.892288e+02
998,6.892444e+02
998,6.892601e+02
998,6.892757e+02
998,6.892913e+02
998,6.893069e+02
998,6.893225e+02
998,6.893381e+02
998,6.893537e+02
998,6.893693e+02
998,6.893849e+02
998,6.894005e+02
998,6.894161e+02
998,6.894317e+02
998,6.894473e+02
998,6.894629e+02
998,6.894785e+02
998,6.894941e+02
998,6.895097e+02
998,6.895253e+02
998,6.895409e+02
998,6.895565e+02
998,6.895721e+02
998,6.895877e+02
998,6.896033e+02
998,6.896189e+02
998,6.896345e+02
998,6.896501e+02
998,6.896657e+02
998,6.896813e+02
998,6.896969e+02
998,6.897125e+02
998,6.897281e+02
998,6.897437e+02
998,6.897594e+02
998,6.897750e+02
998,6.897906e+02
998,6.898062e+02
998,6.898218e+02
998,6.898374e+02
998,6.898530e+02
998,6.898686e+02
998,6.898842e+02
998,6.898998e+02
998,6.899154e+02
998,6.899310e+02
998,6.899466e+02
998,6.899622e+02
998,6.899778e+02
998,6.899934e+02
998,6.900090e+02
998,6.900246e+02
998,6.900402e+02
998,6.900558e+02
998,6.900714e+02
998,6.900870e+02
998,6.901026e+02
998,6.901182e+02
998,6.901338e+02
998,6.901494e+02
998,6.901650e+02
998,6.901806e+02
998,6.901962e+02
998,6.902118e+02
998,6.902274e+02
998,6.902430e+02
998,6.902587e+02
998,6.902743e+02
998,6.902899e+02
998,6.903055e+02
998,6.903211e+02
998,6.903367e+02
998,6.903523e+02
998,6.903679e+02
998,6.903835e+02
998,6.903991e+02
998,6.904147e+02
998,6.904303e+02
998,6.904459e+02
998,6.904615e+02
998,6.904771e+02
998,6.904927e+02
998,6.905083e+02
998,6.905239e+02
998,6.905395e+02
998,6.905551e+02
998,6.905707e+02
998,6.905863e+02
998,6.906019e+02
998,6.906175e+02
998,6.906331e+02
998,6.906487e+02
998,6.906643e+02
998,6.906799e+02
998,6.906955e+02
998,6.907111e+02
998,6.907267e+02
998,6.907423e+02
998,6.907580e+02
998,6.907736e+02
998,6.907892e+02
998,6.908048e+02
998,6.908204e+02
998,6.908360e+02
998,6.908516e+02
998,6.908672e+02
998,6.908828e+02
998,6.908984e+02
998,6.909140e+02
998,6.909296e+02
998,6.909452e+02
998,6.909608e+02
998,6.909764e+02
998,6.909920e+02
998,6.910076e+02
998,6.910232e+02
998,6.910388e+02
998,6.910544e+02
998,6.910700e+02
998,6.910856e+02
998,6.911012e+02
998,6.911168e+02
998,6.911324e+02
998,6.911480e+02
998,6.911636e+02
998,6.911792e+02
998,6.911948e+02
998,6.912104e+02
998,6.912260e+02
998,6.912416e+02
998,6.912573e+02
998,6.912729e+02
998,6.912885e+02
998,6.913041e+02
998,6.913197e+02
998,6.913353e+02
998,6.913509e+02
998,6.913665e+02
998,6.913821e+02
998,6.913977e+02
998,6.914133e+02
998,6.914289e+02
998,6.914445e+02
998,6.914601e+02
998,6.914757e+02
998,6.914913e+02
998,6.915069e+02
998,6.915225e+02
998,6.915381e+02
998,6.915537e+02
998,6.915693e+02
998,6.915849e+02
998,6.916005e+02
998,6.916161e+02
998,6.916317e+02
998,6.916473e+02
998,6.916629e+02
998,6.916785e+02
998,6.916941e+02
998,6.917097e+02
998,6.917253e+02
998,6.917409e+02
998,6.917566e+02
998,6.917722e+02
998,6.917878e+02
998,6.918034e+02
998,6.918190e+02
998,6.918346e+02
998,6.918502e+02
998,6.918658e+02
998,6.918814e+02
998,6.918970e+02
998,6.919126e+02
998,6.919282e+02
998,6.919438e+02
998,6.919594e+02
998,6.919750e+02
998,6.919906e+02
998,6.920062e+02
998,6.920218e+02
998,6.920374e+02
998,6.920530e+02
998,6.920686e+02
998,6.920842e+02
998,6.920998e+02
998,6.921154e+02
998,6.921310e+02
998,6.921466e+02
998,6.921622e+02
998,6.921778e+02
998,6.921934e+02
998,6.922090e+02
998,6.922246e+02
998,6.922402e+02
998,6.922559e+02
998,6.922715e+02
998,6.922871e+02
998,6.923027e+02
998,6.923183e+02
998,6.923339e+02
998,6.923495e+02
998,6.923651e+02
998,6.923807e+02
998,6.923963e+02
998,6.924119e+02
998,6.924275e+02
998,6.924431e+02
998,6.924587e+02
998,6.924743e+02
998,6.924899e+02
998,6.925055e+02
998,6.925211e+02
998,6.925367e+02
998,6.925523e+02
998,6.925679e+02
998,6.925835e+02
998,6.925991e+02
998,6.926147e+02
998,6.926303e+02
998,6.926459e+02
998,6.926615e+02
998,6.926771e+02
998,6.926927e+02
998,6.927083e+02
998,6.927239e+02
998,6.927395e+02
998,6.927552e+02
998,6.927708e+02
998,6.927864e+02
998,6.928020e+02
998,6.928176e+02
998,6.928332e+02
998,6.928488e+02
998,6.928644e+02
998,6.928800e+02
998,6.928956e+02
998,6.929112e+02
998,6.929268e+02
998,6.929424e+02
998,6.929580e+02
998,6.929736e+02
998,6.929892e+02
998,6.930048e+02
998,6.930204e+02
998,6.930360e+02
998,6.930516e+02
998,6.930672e+02
998,6.930828e+02
998,6.930984e+02
998,6.931140e+02
998,6.931296e+02
998,6.931452e+02
998,6.931608e+02
998,6.931764e+02
998,6.931920e+02
998,6.932076e+02
998,6.932232e+02
998,6.932388e+02
998,6.932545e+02
998,6.932701e+02
998,6.932857e+02
998,6.933013e+02
998,6.933169e+02
998,6.933325e+02
998,6.933481e+02
998,6.933637e+02
998,6.933793e+02
998,6.933949e+02
998,6.934105e+02
998,6.934261e+02
998,6.934417e+02
998,6.934573e+02
998,6.934729e+02
998,6.934885e+02
998,6.935041e+02
998,6.935197e+02
998,6.935353e+02
998,6.935509e+02
998,6.935665e+02
998,6.935821e+02
998,6.935977e+02
998,6.936133e+02
998,6.936289e+02
998,6.936445e+02
998,6.936601e+02
998,6.936757e+02
998,6.936913e+02
998,6.937069e+02
998,6.937225e+02
998,6.937381e+02
998,6.937538e+02
998,6.937694e+02
998,6.937850e+02
998,6.938006e+02
998,6.938162e+02
998,6.938318e+02
998,6.938474e+02
998,6.938630e+02
998,6.938786e+02
998,6.938942e+02
998,6.939098e+02
998,6.939254e+02
998,6.939410e+02
998,6.939566e+02
998,6.939722e+02
998,6.939878e+02
9.980034e+02,6.940034e+02
9.980190e+02,6.940190e+02
9.980346e+02,6.940346e+02
9.980502e+02,6.940502e+02
9.980658e+02,6.940658e+02
9.980814e+02,6.940814e+02
9.980970e+02,6.940970e+02
9.981126e+02,6.941126e+02
9.981282e+02,6.941282e+02
9.981438e+02,6.941438e+02
9.981594e+02,6.941594e+02
9.981750e+02,6.941750e+02
9.981906e+02,6.941906e+02
9.982062e+02,6.942062e+02
9.982218e+02,6.942218e+02
9.982374e+02,6.942374e+02
9.982531e+02,6.942531e+02
9.982687e+02,6.942687e+02
9.982843e+02,6.942843e+02
9.982999e+02,6.942999e+02
9.983155e+02,6.943155e+02
9.983311e+02,6.943311e+02
9.983467e+02,6.943467e+02
9.983623e+02,6.943623e+02
9.983779e+02,6.943779e+02
9.983935e+02,6.943935e+02
9.984091e+02,6.944091e+02
9.984247e+02,6.944247e+02
9.984403e+02,6.944403e+02
9.984559e+02,6.944559e+02
9.984715e+02,6.944715e+02
9.984871e+02,6.944871e+02
9.985027e+02,6.945027e+02
9.985183e+02,6.945183e+02
9.985339e+02,6.945339e+02
9.985495e+02,6.945495e+02
9.985651e+02,6.945651e+02
9.985807e+02,6.945807e+02
9.985963e+02,6.945963e+02
9.986119e+02,6.946119e+02
9.986275e+02,6.946275e+02
9.986431e+02,6.946431e+02
9.986587e+02,6.946587e+02
9.986743e+02,6.946743e+02
9.986899e+02,6.946899e+02
9.987055e+02,6.947055e+02
9.987211e+02,6.947211e+02
9.987367e+02,6.947367e+02
9.987524e+02,6.947524e+02
9.987680e+02,6.947680e+02
9.987836e+02,6.947836e+02
9.987992e+02,6.947992e+02
9.988148e+02,6.948148e+02
9.988304e+02,6.948304e+02
9.988460e+02,6.948460e+02
9.988616e+02,6.948616e+02
9.988772e+02,6.948772e+02
9.988928e+02,6.948928e+02
9.989084e+02,6.949084e+02
9.989240e+02,6.949240e+02
9.989396e+02,6.949396e+02
9.989552e+02,6.949552e+02
9.989708e+02,6.949708e+02
9.989864e+02,6.949864e+02
9.990020e+02,6.950020e+02
9.990176e+02,6.950176e+02
9.990332e+02,6.950332e+02
9.990488e+02,6.950488e+02
9.990644e+02,6.950644e+02
9.990800e+02,6.950800e+02
9.990956e+02,6.950956e+02
9.991112e+02,6.951112e+02
9.991268e+02,6.951268e+02
9.991424e+02,6.951424e+02
9.991580e+02,6.951580e+02
9.991736e+02,6.951736e+02
9.991892e+02,6.951892e+02
9.992048e+02,6.952048e+02
9.992204e+02,6.952204e+02
9.992360e+02,6.952360e+02
9.992517e+02,6.952517e+02
9.992673e+02,6.952673e+02
9.992829e+02,6.952829e+02
9.992985e+02,6.952985e+02
9.993141e+02,6.953141e+02
9.993297e+02,6.953297e+02
9.993453e+02,6.953453e+02
9.993609e+02,6.953609e+02
9.993765e+02,6.953765e+02
9.993921e+02,6.953921e+02
9.994077e+02,6.954077e+02
9.994233e+02,6.954233e+02
9.994389e+02,6.954389e+02
9.994545e+02,6.954545e+02
9.994701e+02,6.954701e+02
9.994857e+02,6.954857e+02
9.995013e+02,6.955013e+02
9.995169e+02,6.955169e+02
9.995325e+02,6.955325e+02
9.995481e+02,6.955481e+02
9.995637e+02,6.955637e+02
9.995793e+02,6.955793e+02
9.995949e+02,6.955949e+02
9.996105e+02,6.956105e+02
9.996261e+02,6.956261e+02
9.996417e+02,6.956417e+02
9.996573e+02,6.956573e+02
9.996729e+02,6.956729e+02
9.996885e+02,6.956885e+02
9.997041e+02,6.957041e+02
9.997197e+02,6.957197e+02
9.997353e+02,6.957353e+02
9.997510e+02,6.957510e+02
9.997666e+02,6.957666e+02
9.997822e+02,6.957822e+02
9.997978e+02,6.957978e+02
9.998134e+02,6.958134e+02
9.998290e+02,6.958290e+02
9.998446e+02,6.958446e+02
9.998602e+02,6.958602e+02
9.998758e+02,6.958758e+02
9.998914e+02,6.958914e+02
9.999070e+02,6.959070e+02
9.999226e+02,6.959226e+02
9.999382e+02,6.959382e+02
9.999538e+02,6.959538e+02
9.999694e+02,6.959694e+02
9.999850e+02,6.959850e+02
1.000001e+03,696
1.000016e+03,696
1.000032e+03,696
1.000047e+03,696
1.000063e+03,696
1.000079e+03,696
1.000094e+03,696
1.000110e+03,696
1.000125e+03,696
1.000141e+03,696
1.000157e+03,696
1.000172e+03,696
1.000188e+03,696
1.000203e+03,696
1.000219e+03,696
1.000235e+03,696
1.000250e+03,696
1.000266e+03,696
1.000281e+03,696
1.000297e+03,696
1.000313e+03,696
1.000328e+03,696
1.000344e+03,696
1.000359e+03,696
1.000375e+03,696
1.000391e+03,696
1.000406e+03,696
1.000422e+03,696
1.000437e+03,696
1.000453e+03,696
1.000469e+03,696
1.000484e+03,696
1.000500e+03,696
1.000516e+03,696
1.000531e+03,696
1.000547e+03,696
1.000562e+03,696
1.000578e+03,696
1.000594e+03,696
1.000609e+03,696
1.000625e+03,696
1.000640e+03,696
1.000656e+03,696
1.000672e+03,696
1.000687e+03,696
1.000703e+03,696
1.000718e+03,696
1.000734e+03,696
1.000750e+03,696
1.000765e+03,696
1.000781e+03,696
1.000796e+03,696
1.000812e+03,696
1.000828e+03,696
1.000843e+03,696
1.000859e+03,696
1.000874e+03,696
1.000890e+03,696
1.000906e+03,696
1.000921e+03,696
1.000937e+03,696
1.000952e+03,696
1.000968e+03,696
1.000984e+03,696
1.000999e+03,696
1.001015e+03,696
1.001030e+03,696
1.001046e+03,696
1.001062e+03,696
1.001077e+03,696
1.001093e+03,696
1.001108e+03,696
1.001124e+03,696
1.001140e+03,696
1.001155e+03,696
1.001171e+03,696
1.001186e+03,696
1.001202e+03,696
1.001218e+03,696
1.001233e+03,696
1.001249e+03,696
1.001264e+03,696
1.001280e+03,696
1.001296e+03,696
1.001311e+03,696
1.001327e+03,696
1.001342e+03,696
1.001358e+03,696
1.001374e+03,696
1.001389e+03,696
1.001405e+03,696
1.001420e+03,696
1.001436e+03,696
1.001452e+03,696
1.001467e+03,696
1.001483e+03,696
1.001498e+03,696
1.001514e+03,696
1.001530e+03,696
1.001545e+03,696
1.001561e+03,696
1.001577e+03,696
1.001592e+03,696
1.001608e+03,696
1.001623e+03,696
1.001639e+03,696
1.001655e+03,696
1.001670e+03,696
1.001686e+03,696
1.001701e+03,696
1.001717e+03,696
1.001733e+03,696
1.001748e+03,696
1.001764e+03,696
1.001779e+03,696
1.001795e+03,696
1.001811e+03,696
1.001826e+03,696
1.001842e+03,696
1.001857e+03,696
1.001873e+03,696
1.001889e+03,696
1.001904e+03,696
1.001920e+03,696
1.001935e+03,696
1.001951e+03,696
1.001967e+03,696
1.001982e+03,696
1.001998e+03,696
1.002013e+03,696
1.002029e+03,696
1.002045e+03,696
1.002060e+03,696
1.002076e+03,696
1.002091e+03,696
1.002107e+03,696
1.002123e+03,696
1.002138e+03,696
1.002154e+03,696
1.002169e+03,696
1.002185e+03,696
1.002201e+03,696
1.002216e+03,696
1.002232e+03,696
1.002247e+03,696
1.002263e+03,696
1.002279e+03,696
1.002294e+03,696
1.002310e+03,696
1.002325e+03,696
1.002341e+03,696
1.002357e+03,696
1.002372e+03,696
1.002388e+03,696
1.002403e+03,696
1.002419e+03,696
1.002435e+03,696
1.002450e+03,696
1.002466e+03,696
1.002481e+03,696
1.002497e+03,696
1.002513e+03,696
1.002528e+03,696
1.002544e+03,696
1.002560e+03,696
1.002575e+03,696
1.002591e+03,696
1.002606e+03,696
1.002622e+03,696
1.002638e+03,696
1.002653e+03,696
1.002669e+03,696
1.002684e+03,696
1.002700e+03,696
1.002716e+03,696
1.002731e+03,696
1.002747e+03,696
1.002762e+03,696
1.002778e+03,696
1.002794e+03,696
1.002809e+03,696
1.002825e+03,696
1.002840e+03,696
1.002856e+03,696
1.002872e+03,696
1.002887e+03,696
1.002903e+03,696
1.002918e+03,696
1.002934e+03,696
1.002950e+03,696
1.002965e+03,696
1.002981e+03,696
1.002996e+03,696
1.002988e+03,696
1.002972e+03,696
1.002957e+03,696
1.002941e+03,696
1.002926e+03,696
1.002910e+03,696
1.002894e+03,696
1.002879e+03,696
1.002863e+03,696
1.002848e+03,696
1.002832e+03,696
1.002816e+03,696
1.002801e+03,696
1.002785e+03,696
1.002770e+03,696
1.002754e+03,696
1.002738e+03,696
1.002723e+03,696
1.002707e+03,696
1.002692e+03,696
1.002676e+03,696
1.002660e+03,696
1.002645e+03,696
1.002629e+03,696
1.002614e+03,696
1.002598e+03,696
1.002582e+03,696
1.002567e+03,696
1.002551e+03,696
1.002536e+03,696
1.002520e+03,696
1.002504e+03,696
1.002489e+03,696
1.002473e+03,696
1.002457e+03,696
1.002442e+03,696
1.002426e+03,696
1.002411e+03,696
1.002395e+03,696
1.002379e+03,696
1.002364e+03,696
1.002348e+03,696
1.002333e+03,696
1.002317e+03,696
1.002301e+03,696
1.002286e+03,696
1.002270e+03,696
1.002255e+03,696
1.002239e+03,696
1.002223e+03,696
1.002208e+03,696
1.002192e+03,696
1.002177e+03,696
1.002161e+03,696
1.002145e+03,696
1.002130e+03,696
1.002114e+03,696
1.002099e+03,696
1.002083e+03,696
1.002067e+03,696
1.002052e+03,696
1.002036e+03,696
1.002021e+03,696
1.002005e+03,696
1.001989e+03,696
1.001974e+03,696
1.001958e+03,696
1.001943e+03,696
1.001927e+03,696
1.001911e+03,696
1.001896e+03,696
1.001880e+03,696
1.001865e+03,696
1.001849e+03,696
1.001833e+03,696
1.001818e+03,696
1.001802e+03,696
1.001787e+03,696
1.001771e+03,696
1.001755e+03,696
1.001740e+03,696
1.001724e+03,696
1.001709e+03,696
1.001693e+03,696
1.001677e+03,696
1.001662e+03,696
1.001646e+03,696
1.001631e+03,696
1.001615e+03,696
1.001599e+03,696
1.001584e+03,696
1.001568e+03,696
1.001553e+03,696
1.001537e+03,696
1.001521e+03,696
1.001506e+03,696
1.001490e+03,696
1.001474e+03,696
1.001459e+03,696
1.001443e+03,696
1.001428e+03,696
1.001412e+03,696
1.001396e+03,696
1.001381e+03,696
1.001365e+03,696
1.001350e+03,696
1.001334e+03,696
1.001318e+03,696
1.001303e+03,696
1.001287e+03,696
1.001272e+03,696
1.001256e+03,696
1.001240e+03,696
1.001225e+03,696
1.001209e+03,696
1.001194e+03,696
1.001178e+03,696
1.001162e+03,696
1.001147e+03,696
1.001131e+03,696
1.001116e+03,696
1.001100e+03,696
1.001084e+03,696
1.001069e+03,696
1.001053e+03,696
1.001038e+03,696
1.001022e+03,696
1.001006e+03,696
1.000991e+03,696
1.000975e+03,696
1.000960e+03,696
1.000944e+03,696
1.000928e+03,696
1.000913e+03,696
1.000897e+03,696
1.000882e+03,696
1.000866e+03,696
1.000850e+03,696
1.000835e+03,696
1.000819e+03,696
1.000804e+03,696
1.000788e+03,696
1.000772e+03,696
1.000757e+03,696
1.000741e+03,696
1.000726e+03,696
1.000710e+03,696
1.000694e+03,696
1.000679e+03,696
1.000663e+03,696
1.000648e+03,696
1.000632e+03,696
1.000616e+03,696
1.000601e+03,696
1.000585e+03,696
1.000570e+03,696
1.000554e+03,696
1.000538e+03,696
1.000523e+03,696
1.000507e+03,696
1.000491e+03,696
1.000476e+03,696
1.000460e+03,696
1.000445e+03,696
1.000429e+03,696
1.000413e+03,696
1.000398e+03,696
1.000382e+03,696
1.000367e+03,696
1.000351e+03,696
1.000335e+03,696
1.000320e+03,696
1.000304e+03,696
1.000289e+03,696
1.000273e+03,696
1.000257e+03,696
1.000242e+03,696
1.000226e+03,696
1.000211e+03,696
1.000195e+03,696
1.000179e+03,696
1.000164e+03,696
1.000148e+03,696
1.000133e+03,696
1.000117e+03,696
1.000101e+03,696
1.000086e+03,696
1.000070e+03,696
1.000055e+03,696
1.000039e+03,696
1.000023e+03,696
1.000008e+03,696
